values: [0.0799862494415895, 0.03296548604823046, 0.03577779405935333, 0.15844680723059001, 0.035447931565713464, 0.05733414123308167, 0.030374133486426036, 0.0739078323206468, 0.04596063326074118, 0.07800971790991129, 0.04219391283749063, 0.058116158498692005, 0.04634095090080992, 0.02332011236519138, 0.0332469397051125, 0.07474595523038419, 0.02308624858085695, 0.019796165175023805, 0.02597084399451477, 0.14795159852386464, 0.0599662992836234, 0.04793429982790842, 0.016133767041989433, 0.015143242316853378, 0.021854098714289893, 0.027880193729050706, 0.04704067948741697, 0.031149552839949468, 0.028038775798862492, 0.026997062913661996]
best: 0.015143242316853378