values: [32.34475621341996, 31.867473593968334, 33.74558779946069, 0.37221024833992244, 34.08925862531793, 35.246239627882915, -13.14077943250846, 25.14947555704834, 12.486064105642836, 35.86139142732932, 36.07482650225856, 35.75164340691905, 38.549599418886835, -9.069043712410242, -17.86443880921142, 39.416216488116596, 33.67760520883171, -1.7810308409484064, -20.339523831280317, -4.753333830744153, 30.48681408245971, 32.6669286112212, 37.03002164126447, 40.46222548637253, -10.704390143698015, 38.6766415404372, 39.517842031688744, 0.8579320103796091, -19.969779369968236, 17.84097046365081]
best: -20.339523831280317