values: [1.7477737759041092e-07, nan, 5.943414999465808e-07, nan, 0.0009325157998666032, nan, 1.2261793697519166e-05, nan, nan, nan, nan, nan, 3.3494693873145395e-07, nan, nan, nan, nan, nan, nan, 8.225084259405934e-05, nan, nan, 1.3620704713087224e-09, 0.00010773087047244571, nan, nan, nan, nan, nan, nan]
best: 1.3620704713087224e-09