values: [0.04266736434903233, 0.05414251912447345, 0.05889750171049647, 0.05031314117107775, 0.03165695286782923, 0.03294249164457752, 0.026978497690524322, 0.04843032913795099, 0.05223260853575713, 0.025570057294424527, 0.021752820576839377, 0.012675290954105547, 0.017913781193214812, 0.034008603996912516, 0.047636246660921755, 0.029896035812244367, 0.04071562156343916, 0.029961281327300367, 0.0165633198986615, 0.034429952048211726, 0.026713044370643937, 0.018792608127443607, 0.020902454132225814, 0.04169640507294468, 0.023421857847794988, 0.014994781748852621, 0.011329521748404889, 0.023108756541896376, 0.018750824661577424, 0.04343637134917211]
best: 0.011329521748404889