values: [5.5207112698907324e-05, 2.7993861035136014e-05, 5.486960713507738e-05, 9.713714107129068e-05, 3.753874022227599e-05, 0.00022402552159672684, 0.00021965173136773153, 0.00013412509897969827, 0.00012955602686059997, 0.0001824959537354287, 6.335469114349124e-05, 0.00019632822703596897, 0.0002710888534815936, 1.5336441740898543e-05, 3.879879692070265e-05, 0.00011100105428574203, 1.3508797532924e-05, 8.267581919485512e-05, 7.890693616385835e-05, 0.0001816673558659998, 0.00015173319952244135, 0.00011644372603736297, 2.2129984325380825e-05, 0.0001435455689131615, 0.00010220774141289635, 1.5625372963401496e-05, 5.981333385984833e-05, 0.00048237189935251834, 6.825755697847935e-05, 7.097503681885442e-05]
best: 1.3508797532924e-05