values: [1.7380247331453555, 1.9401149313526314, 2.0209754069903383, 1.806384531394718, 3.222420767436285, 1.763323431298965, 2.958099501631251, 1.6043067890205367, 2.1895367491828326, 2.5711475163896362, 0.8393277014560447, 1.253119532893856, 2.067524189998841, 1.497585427737233, 1.800552572396093, 2.2104268770802813, 1.3570349975699665, 2.026164104111005, 1.768271833286283, 1.133065007883948, 1.6663508522535484, 3.0842211716824215, 1.638917058067006, 2.0583084111568093, 2.1847771993746274, 1.1928192089281082, 2.958031736971842, 2.181096951086483, 1.1129828938273076, 1.3998221050385382]
best: 0.8393277014560447