values: [1.944589832774885e+99, 7.21992841802565e+97, 9.791847885441781e+98, 1.7346072789761126e+99, 3.329771931439088e+98, 2.2444490117601778e+98, 1.8546373305926513e+98, 5.144830741754268e+95, 4.854430751479972e+98, 1.3237463273268352e+99, 1.1633719385109384e+97, 3.290645381067482e+97, 1.4381862075540467e+99, 3.991850487470138e+98, 3.2515721626442354e+98, 1.2148196894577834e+94, 2.575925930893323e+97, 2.1623336534509416e+98, 8.439804100180263e+98, 1.5859479720110622e+99, 3.7319633158865633e+98, 1.2182768290793194e+99, 2.2123077796759757e+99, 2.374966718704295e+98, 3.459286359255326e+97, 1.0787137327900484e+99, 1.2758420146400919e+98, 2.970931643269015e+98, 1.3749919989066895e+98, 4.860334657985657e+98]
best: 1.2148196894577834e+94