values: [0.000914290704651291, 0.0010585574952184198, 0.00036919676332443493, 0.0006377446303122543, 0.0009715639251551824, 0.0003981431742851978, 0.0017297388787281983, 0.0002865789294678973, 0.0001257308596392634, 0.0009515363159911395, 0.00020214398322353482, 0.00041107171755460714, 0.0005437632986879614, 0.00027513841594921807, 0.0015287188060129672, 0.00047054476973087944, 0.0006477352346577382, 0.0011183160518709663, 0.0002179097848995094, 0.001963824665461583, 0.0003314862815875692, 0.001069336077140114, 0.00035835840769176216, 0.0005360717423671039, 0.0009909923892331154, 0.002300214279515779, 0.00014864443840005443, 3.0544292933593714e-05, 0.0010182718184183494, 0.00028255812354196087]
best: 3.0544292933593714e-05