values: [-0.20200373698181487, -1.0416330683422617, -0.06632151600166236, -1.901148162726679, 0.7749659496229111, -1.1242052983747501, -1.52690412946666, -1.333471762283738, -4.494556237178703, -0.3830946795767005, -0.5940964382786253, 0.06503483804073494, -2.345885288561125, -3.1134261868838062, -1.587979281422467, -0.8012678127877464, -1.2138112308771463, 3.499369054752206, -0.05220710927714717, -0.3318315852557978, -0.9716908324949826, -0.3056956100621979, 1.15987134234575, -2.7500481930113367, 1.064607304321593, 0.46471119394180666, -4.2507661156724685, 1.1562717051606912, 2.760494080654354, 0.35625383273903655]
best: -4.494556237178703