values: [1.195072056336659, -9.842024966220404, -43.41594543404704, 1.4260646423935905, -203.56556902463566, -244.94065467584144, -118.0561672559979, -31.70779093101777, 1.8160655560272572, -3.6599320812902247, 0.2239318413494562, 0.8541412138091435, 0.5542372791649264, -226.99552963407874, -8.469878015992162, -2.1374427675770082, 1.8536121587563594, -10.100237454147976, -40.18969891256049, -2.186082071630066, 1.9463155836980224, 1.9758567045918856, -1.5038896844635028, -18.842560088916024, -134.21598252490395, -34.597347210246305, 0.20515775923308022, -20.261891611823, -0.07642766566729664, -2.670238226831497]
best: -244.94065467584144