values: [0.17147316644619803, 0.7704414486621087, 1.2138333451766108, 1.0445003407170184, 0.7238016264095619, 0.2934529211208955, 0.9393826164861436, 0.4570166767052863, 0.8324390371416801, 1.0259005565693717, 1.0031192067456127, 0.755941405194108, 1.660217950948796, 1.048126693691026, 0.5479682182905496, 1.0821545213947494, 1.1862617853326554, 1.2098478576590188, 0.5635204828151226, 0.31047802262054336, 0.8044074707098686, 1.3234353684603084, 0.46080125361132307, 1.7359966209573208, 0.6951231686942675, 1.0111560512564548, 0.30899379724580633, 0.9879799884743068, 1.1026824726600561, 1.4426862535043827]
best: 0.17147316644619803