values: [138.9972185779596, 76.189643337423, 116.08896758241939, 103.17033923251944, 103.7823058088237, 125.64166316940612, 119.31298657616718, 160.24129214589365, 112.64724330250995, 102.79918916800457, 93.4274366693878, 90.84338469501137, 142.03327278260255, 98.16064972556883, 68.4377967690557, 136.95959628794745, 83.5855517375669, 77.7107972037198, 148.00439521794652, 95.04212094667336, 93.52333950041282, 84.88789433526586, 103.2084767377948, 77.7110650427626, 135.37715611277204, 102.11593428123811, 50.88845913631105, 130.4845624904381, 115.90413289718096, 99.89379581164616]
best: 50.88845913631105