values: [8.864146447263686, 7.032591404227526, 6.636463386120896, 7.368122223352794, 6.817421324200625, 5.771627217410785, 6.72146158322844, 6.110688644497888, 7.4141148263091186, 4.950280141588732, 8.15077582890395, 7.952254189796292, 5.811549293572289, 8.736712618608422, 7.165831316943423, 7.172453295810205, 30.431846706767057, 6.472554330177852, 9.092010694777066, 8.034656992771993, 6.388264771872094, 7.188932982386607, 13.627329562289217, 7.315659821449104, 6.037964819562157, 7.749555717313719, 7.6630985729456365, 6.26277582374364, 5.179517919891875, 9.283143469785882]
best: 4.950280141588732