values: [0.31709258291444137, 2.2440734626898364, 1.7549817115265407, 0.728878018308877, 1.7593028153373185, 2.4438435461872636, 1.8143342278445758, 1.4018307140480415, 1.864478533889745, 0.300517884341502, 0.7289003642691116, 2.2987723195590117, 1.2923604141079568, 0.7063967011269346, 1.6669593487548935, 1.81702862357406, 1.5916454980463688, 0.19989514371986955, 1.0198546587289363, 0.9679659889905288, 2.0559038753910155, 1.6538673829705695, 1.0294187256628309, 0.7937113008068464, 1.539284811038061, 0.41337888290199826, 0.8548157397904954, 1.0376183088197428, 2.0868651791328725, 0.6744099957103138]
best: 0.19989514371986955