values: [-1.2269119868764145, -18.558581556197282, -11.756395127549109, -5.582449397862773, -0.4272873249037603, -18.727849321413096, -6.092248154445377, -13.061476890327548, -9.609194426094321, -11.689472029794013, -12.357382796018367, -11.987231058348044, -3.681361543605316, -9.950498329992858, -13.603392937559128, -13.915843643654615, -9.59271239841497, -18.05445239445169, -9.357698897349552, 0.7357195467006009, -2.153183116158212, -17.361601478195166, -25.11570437629994, -2.8667790724356936, -0.7787139122011544, -1.497139785878031, -7.578290765563199, -9.92082958352795, -20.60194233651302, -6.424071948887397]
best: -25.11570437629994