values: [4177.850616049514, 4130.45383734864, 4135.1670311900725, 4154.590104588166, 4154.152853470762, 4184.429866891467, 4150.473213666892, 4152.874651014958, 4134.187202513864, 4180.525173093216, 4135.52044888576, 4187.1025787147555, 4187.551621835485, 4150.80203585101, 4165.941715348321, 4159.185736101095, 4186.874902453184, 4214.831451736468, 4050.1421121920043, 4179.615994857264, 4156.96503143144, 4177.617133683498, 4179.075971977047, 4221.564664079277, 4130.33029150807, 4204.422816408507, 4172.285736167428, 4177.583658033458, 4152.819068229632, 4204.174280851449]
best: 4050.1421121920043