values: [9.73461443199959, -32.26637002983864, -21.46939032435867, -50.15059350159512, 26.737382245794805, 4.114701383877737, -26.70117661304701, 25.825818400537067, -63.97278544092848, -24.027732820046374, -22.628303186290317, -24.94669177040832, 5.885734248124922, -1.6637519686767868, -56.4155608336361, -41.23123904293593, 29.792093881779806, -30.323964437281212, -35.41921491197407, -16.78727035923987, -20.597335872283374, -43.39998845279743, -30.143324198614867, -4.211631768160046, -46.62344173606462, -10.432650642527861, -1.7299214933686962, -49.08053010432924, -42.070313250290354, -46.28529003356737]
best: -63.97278544092848