values: [-23.653953310350285, -25.41435603211067, -57.23484667512414, -5.528275940876066, -24.61293759230656, -29.84185507788922, -9.557136531572462, -28.78080589989129, 5.817778264592123, -24.74617468985543, -27.54405590701809, -17.561052098183694, -40.13754740586982, -20.32638649099765, -2.8861726602447444, -51.3559952331968, -52.57798117795853, -6.776656919842085, -26.916938240032415, -2.6848222969039934, -6.365978045239968, -16.20834032124455, -6.589486575155262, -51.82625965724126, -11.659147265114706, -36.10280032546713, -28.77184599239684, -37.97318952695429, -38.063290078746775, -25.6267119563834]
best: -57.23484667512414