values: [-0.01917187412207227, 3.0047287462774777, -0.013193678630328273, -94.76748109786392, 0.009970370371473766, -0.0012141743805105052, -524.4087868276232, -0.0014074473649261195, 0.5082106860733422, -0.030941332531495305, -0.03735583088711296, -2.4633016066607207, 4.413695912163534, 9.010517730004619e-05, -13308.521533400437, -0.5734243218840374, 0.33566201935956214, 0.1536511443526499, 0.000323980097826819, 0.8748057836762633, 0.003381921556099879, -0.020749729043056785, -0.001408657921237829, -0.05231221216625191, 4.598764229581879, -0.24235026178048186, 0.012113327668228408, -0.0027045547754294967, 0.0006948533360447016, 2.9058467257668785]
best: -13308.521533400437