values: [-3.469327142602843, 4.260368640253351, -2.923364277651335, -4.149521156472765, -1.7227309637498043, -6.25621325613588, 5.732677807320554, -1.31994305045686, -13.247879065212551, -7.590643317440098, -2.5610912867932316, -4.54661537439314, -1.779637829135213, -6.74316297084647, 0.9467623584932344, 2.169941117680235, -15.78187537064956, -0.6996640166291658, -3.9227885032870846, -3.3888579618332852, -3.8068370694655593, -2.381757540673756, -6.128872632592914, 0.11558442246609801, -2.8999445927528362, -14.01578571135136, -1.3263530394660648, -4.233318131236525, -2.5334453602802807, -3.4550214942260116]
best: -15.78187537064956