values: [615.3859513495311, -319.81676140184936, -391.24738827782795, -387.1372481546485, -372.69054257078506, -362.97814104315137, -19.67942226997996, -307.1821895489085, -354.59890182367496, -375.84438458335063, -363.07288300000084, -282.9439156308075, -212.92375707349308, -348.74916144402636, -340.4851587736519, -373.83066274968644, -361.41748908786457, 288.81325533013575, -363.15001089762075, -359.22452107387664, -378.23349136505874, -301.19339243287226, -374.7312463439652, 109.36016148119624, -386.50781486943754, -361.0863366085998, -334.41876217327786, -386.57438001198136, -385.89184983058493, 316.3297814654055]
best: -391.24738827782795