values: [-380.44955219843627, -379.34588864052364, -371.2427008449949, -282.57001583283557, -364.16139675647923, -382.8116097279659, -375.5685315916294, -361.256507113474, -333.39937089875417, -285.1122983021071, 104.6089753943002, -328.87913064448077, -344.8535730216905, -332.84321006932305, -349.2837873887157, -266.4663531899335, 124.93465011562543, -359.3295249526956, -376.723333319284, -383.36670040854193, -363.1388286311062, -372.7693204519478, 1407.242745933114, -377.24553914308, -360.6866792229453, 374.26273241524444, -357.80025960038313, -353.83708185968385, -372.87407792907845, -386.39882854738005]
best: -386.39882854738005