values: [0.001200914848857992, 0.022917245361419408, 0.0003340942981074427, 0.0029092326906593777, 0.01809453437103133, 0.00034614936470446674, 0.018214323527819907, 0.003202652667657375, 0.0036250387889696515, 0.020264324075630554, 0.002445768320550138, 4.3663062590970085, 0.3360138276362691, 0.04252021105757188, 0.018631138502101696, 0.001499718872802519, 0.003949593530974992, 0.036147430555053726, 0.0028769555453878695, 0.3278990958634193, 0.005044315752527649, 0.0013982686431906078, 0.0009968498169340425, 0.01712171834273539, 0.41986814646751386, 0.004343764153821936, 0.007362453109334831, 0.0006299476123317369, 0.0004972361780463165, 0.00021077145414023676]
best: 0.00021077145414023676