values: [0.0005759122086372969, 0.0005733435625099376, 0.016251176029511552, 0.18362294238052287, 0.00488859624124073, 0.08474468147590018, 0.017820789600936044, 0.06679364520449363, 2.5539219989742534, 0.002211696442456826, 0.3166031001760539, 0.18130441628875324, 0.0005701329794591526, 1.993567923676962, 0.2570534340178368, 3.7540168768410287, 0.3473693356214962, 0.002086165707415333, 0.01608588395071792, 0.9735661864924998, 0.19817384949225594, 0.05057063500691122, 2.137840945761638, 0.0005703150530141407, 1.0107050138800724, 0.230506252364469, 0.028543351596952274, 5.650755793632342, 0.11571248691918065, 0.049050560739541095]
best: 0.0005701329794591526