values: [-138593.0116968976, -124228.43451299303, -5041.328032145241, -63461.77915333997, -50974.07434881863, -15043.591762593795, -140043.95918235145, -34384.93529652115, -26929.823374100884, -26057.414795853045, -122181.11521672901, -40118.01520438916, -37523.797212914214, -109802.42671324033, -134154.91816960025, -22462.029011940132, -47847.52533348283, -26599.169437716937, -142718.49614969487, -9624.639395210013, -54959.91171598718, -40270.338369264624, -91290.07179898405, -87867.82006471264, -36712.77639028027, -9385.154426599718, -71082.30614596687, -58723.85579300477, -3869.737195368652, -15372.49364985765]
best: -142718.49614969487