values: [-39.93934663241071, -39.93223108095402, -39.76279577846907, -39.94096455489358, -39.94033556458662, -39.789985876268034, -39.7503352067455, -32.39656178489587, -39.93741177191626, -39.937281289152104, -39.553965189732445, -39.93596844643534, -39.92280765172992, -39.94112122597375, -39.93673560122015, -39.3079018691908, -39.70253123251744, -39.93688893197283, -39.89437771257028, -39.941008756229195, -39.939893002047974, -39.91874011039663, -37.72060511100004, -39.931618777469915, -39.93090549533373, -39.94025016237745, -39.799644230383876, -39.687764122047035, -39.93862717585734, -39.940975222168845]
best: -39.94112122597375