values: [20.144863270243796, 4.035017955304401, 3.734200266386179, 2.579927579471033, 20.19864733906971, 19.999970779210766, 19.99992739608082, 19.998137995804523, 7.237987627101004, 20.260066752203812, 19.997979650914413, 20.058033298943347, 19.998794249564565, 19.999236416161928, 19.99995512917202, 20.013659759974963, 19.99980667310374, 4.545678063509303, 7.2941774530775, 19.99988371324852, 1.6462236332081237, 2.0345398294640558, 6.1322333618183755, 20.09313147970736, 20.058955282706194, 19.998965542785513, 20.089693451400155, 2.8143499807723598, 19.999973142719142, 9.64597787340971]
best: 1.6462236332081237