values: [0.1408981402955683, 0.002641903703556576, 0.0007509418031544661, 0.0024295334573694485, 0.010966782014058808, 0.6169286976854657, 0.0008724975099140977, 0.04764907473769557, 0.49903991700769945, 0.9006982455673422, 9.549874192909302e-05, 0.003569365390074947, 0.03706511116114594, 0.0002883299197880825, 0.09154380363595034, 0.0061358907552644506, 0.17211756808193351, 0.006542320043416499, 0.40738621671679415, 5.2433973028617116e-05, 4.2251374141110406e-05, 4.419306095433639e-06, 1.8667162541143205, 0.9567800932636988, 0.0001300200591164737, 3.3755259940429694, 0.0022676573372403517, 0.15797183969739037, 1.3625367757294433, 0.3292226068247076]
best: 4.419306095433639e-06