values: [1.6366907829024058e-12, 0.13256039823090604, 0.3350618035354419, 0.029498241994431296, 0.05413775584206004, 0.11561744368163007, 0.02701742015058184, 0.18213248737106336, 0.03687212894449987, 0.2340029180495491, 0.16488166717087316, 0.012316072524790167, 0.11568601736167261, 1.4236500867070845e-11, 0.21372410584923485, 0.03442069031081818, 0.15250930018051312, 0.1995380165614794, 0.30978144160384713, 0.02461002956556979, 0.11559528048818413, 3.542954818414046e-11, 0.05659161396871537, 0.05655238856644218, 0.10565476101932625, 0.16467068807779894, 0.07864224978886114, 0.255881411747074, 0.007396233599028412, 0.2071507232743831]
best: 1.6366907829024058e-12