values: [0.8937890097243906, 0.7075890463549301, 0.44378857532054067, 0.2326524021572698, 0.5713957086280907, 1.0600040507328847, 0.909140949378334, 0.7677227305746013, 0.995650667351351, 3.867377065435829, 0.5516518956488299, 0.21933807139284156, 1.0331594842542904, 0.9899643625907508, 0.24765719701111333, 0.5847049012870447, 0.819383694143182, 0.4880306866843524, 0.547236076882029, 1.0654887622955402, 0.43097871530398624, 0.5631511133952378, 0.6000979200291758, 0.6267085126451007, 0.7590241222092193, 0.797263818552729, 1.2021106223987372, 0.3250023740608078, 0.7908849411301946, 0.6192086236989942]
best: 0.21933807139284156