values: [9.365049030474659e+89, 4.2386465977787604e+89, 2.020581455698985e+68, 1.2717130586520104e+89, 2.1802462318302778e+92, 8.750036268100384e+80, 9.958905033334975e+86, 6.025829179794691e+92, 1.4004084972784299e+80, 1.5676556897661341e+87, 7.94347180671084e+89, 5.010445443450254e+77, 3.1009512901481307e+89, 9.291901629999062e+83, 7.568086691445767e+84, 2.4813276845579275e+87, 8.927488488042659e+88, 1.1311854044557374e+96, 5.5458504538155726e+88, 7.271206628816022e+92, 3.366902738023209e+90, 1.2524178316820387e+86, 4.828452177919214e+89, 5.306494774195667e+83, 9.969349735377206e+85, 6.512743825672816e+88, 9.041373993937088e+87, 8.017475978717614e+90, 3.581383125193896e+90, 2.7125118340627823e+85]
best: 2.020581455698985e+68