values: [14.488822668047508, 6.689231967827605, 0.01834620778764334, 5.89704938945283, 5.818732798703865, 2.636402334445642, 59.5886213529345, 1.4525003070638192, 56.04398746544632, 3.5408203572305115, 1.1604532106818095, 6.412561091615708e-11, 2.9074398389832106, 1.1772327884469427, 11.155765075554163, 9.614694473317611e-15, 3.535922202079679, 0.0895282504181787, 834.9830095534033, 11.544890989787536, 2.271600215066056, 0.08952825361138177, 12.633139687631674, 27.457564549259352, 47.12169972406065, 376.0024156627563, 55.51788108537996, 8.885620413316362, 0.08952825041687139, 1.8172749184726769]
best: 9.614694473317611e-15