values: [-6.600924296038568, -6.972380421663648, -7.995580941157413, -6.91029306259632, -7.553500873516417, -6.857051709880687, -4.618898063957357, -7.396802225809836, -8.331076838167338, -8.410649474059007, -6.925977485751905, -6.283362395447751, -8.107431105896845, -7.066295560100421, -7.3931545198909925, -8.196128002211216, -8.273477069081782, -2.6463785467155363, -6.646761866374166, -7.160718679073507, -7.487486836502212, -7.839305670513823, -7.225686897990585, -7.207099590683766, -8.175334826900345, -8.178714121577826, -7.944967585929307, -8.72986902149367, -6.440681041826896, -7.74873126378924]
best: -8.72986902149367