values: [3.2668366582324087, 0.9796381313238538, 1.036641721305128, 3.9193477918798614, 1.3565650854301015, 6.333671587956576, 1.9841643065960735, 12.653233591473237, 2.381074818100406, 2.7996265046820725, 0.9142144534765151, 4.355442881245435, 2.556935840550146, 0.7583042439611508, 2.718588236255642, 0.880755936177599, 0.8651656934005142, 2.6707417009031618, 4.907966451268438, 1.409218164058781, 2.719075511288208, 12.746993426846723, 0.8544336039360574, 1.1635261713205218, 1.0162441364079946, 1.460898303142992, 1.0455976009420471, 1.1479230996179353, 25.303606480273743, 1.1146938412166545]
best: 0.7583042439611508