values: [17.909250081151555, 47.757797304995044, 88.54958756038081, 13.929416786218127, 21.88905890883109, 162.17362985005417, 91.53567664712403, 26.863849155713297, 66.66053600694606, 4.9751029532490065, 9.94958553311406, 4.974795285483523, 7.959670212849446, 49.74773046242227, 32.83339037758833, 43.778046975086276, 18.904187021753884, 38.80311958332656, 15.919330385197853, 37.808302703284156, 70.64154572019115, 112.42616569607887, 90.53949975437666, 16.914263633072764, 85.61074404010392, 6.964708460320466, 72.63090903065213, 16.914269164198842, 28.8536819807331, 59.69716869210436]
best: 4.974795285483523