values: [193.7370462041332, 2.5816735367660426, 6.692761184270309, 43.541437786248245, 6.4754500766857905, 3.10636141654891, 454.2539917442555, 9.075472455363787, 12.67785063224789, 9.161638476852726, 6.0850492690260785, 325.23308908820957, 4.278677995820722, 193.85168367311536, 57.84412840703608, 60.171700583377806, 0.7200419109239252, 9.147700220411489, 9.55437820357486, 1.9651007210404505, 2.9963828726722745, 9.599252122138187, 70.53897427073528, 5.845042501503682, 7.4816977146247865, 5.685343899267974, 4.018245499478383, 4.756866332386422, 6.721010319600414, 2.3051242499737707]
best: 0.7200419109239252