values: [0.399873345846811, 1.8998733458656927, 0.6998733458470159, 0.399873345847391, 0.49987334586854487, 0.6998733458473183, 0.5998733461915804, 0.9998733458473833, 0.399873345846811, 0.39987334584681106, 1.4998733458575109, 0.6998733458468112, 1.599873345846829, 0.5998733458509616, 0.2998733458494557, 0.2998733458468111, 0.19987334584681102, 0.29987334585316533, 2.699873345846811, 1.1998733458468112, 0.7998733458669621, 0.39987334584681106, 0.3998733458468161, 0.999873345846811, 0.19987334585210134, 1.0998733458478243, 0.2998733459213087, 0.5998733458468112, 0.19987334590036943, 4.999873345846849]
best: 0.19987334584681102