values: [-33.31643775126223, -29.60575829700811, -27.494053570744896, -35.687488253729924, -30.072022174309687, -27.787185922046902, -27.366001740820327, -33.1237175830569, -30.54572767914893, -30.545728439586888, -23.81689375490777, -30.22230822124974, -29.58915896252858, -28.26086912796641, -23.5440385466275, -26.24461976340586, -27.0114328560866, -28.985037919434927, -28.543830251848632, -27.937449109167304, -19.359455280653453, -25.06632994389327, -28.26086857259662, -32.50716773654381, -23.726951461580562, -29.92913776703398, -29.012097266112356, -33.41673429256334, -24.006386521662897, -27.644319216630635]
best: -35.687488253729924