values: [3632.5832274641302, 3772.100243191755, 3811.6522649308376, 3811.652264920351, 3741.057796859295, 3790.7913108559073, 3810.7036555197487, 3820.1618403158172, 3690.6009873969147, 3771.376947747236, 3731.8249259962254, 3861.160558689156, 3761.1954554568947, 3751.9625845939727, 3692.2729042678307, 3751.2394839029826, 3641.816095960269, 3721.6434342981133, 3840.2994993972534, 3790.791310950748, 3741.7810923359, 3800.74747737532, 3791.514606534197, 3741.0577968592443, 3669.514707624605, 3869.670030160789, 3741.0577968588295, 3632.5832302979334, 3967.871550731202, 3761.195480665402]
best: 3632.5832274641302