values: [-262175.6183341869, -2957692.699334632, -543871.0587496401, -161145.84616481987, -74249.92991838233, -4512336.692249618, -10426.556212852882, -2958841.947105702, -60586.79504499529, -633556.9906147268, -39796.674167828714, -18510.88707957711, -629.3397765436326, -1940263.6419202783, -202804.60735382413, -38027.3241199374, -39444.16943136801, -36832.803769642276, -2958905.668821937, -160590.3441491023, -195707.71285497848, -79209.58156127704, -647.197292331125, -71308.70748473683, 2346.446595131648, -0.00023531292361132222, -824527.9988238633, -37196.74676619547, -116341.89837509127, -1192681.9408588894]
best: -4512336.692249618