values: [-114.04577830149753, -85.98436806817442, -96.49297217626025, -102.4353385601595, -125.9088916215703, -108.46332749395422, -104.02987410489797, -102.4854733218184, -132.9917835545555, -116.41497676181497, -115.60490131604409, -127.23685040646288, -106.48728021891118, -115.89323267123214, -105.1786340294926, -95.16288948772548, -94.6433325755869, -113.30788162073061, -90.28197148405707, -114.04580595518955, -101.96590667179083, -91.06858230614368, -127.06832761692125, -137.6648600281207, -118.89145248658492, -114.15305562860229, -136.5163181790982, -116.52114969885713, -126.06048250394721, -127.6491568412354]
best: -137.6648600281207