values: [-102.17574254995841, -72.29923547365202, -115.02282013186445, -91.36742420890768, -116.14342591106296, -105.95171135384444, -73.480638322769, -100.73971058476819, -81.80293751086764, -81.22521286245578, -105.95172045813052, -97.9960506113887, -106.11400744254415, -104.37508134599076, -81.38757789764425, -109.0032682922219, -101.18386627004165, -114.213666982051, -95.80227409847079, -92.99161575966662, -87.70992651813489, -101.2606836444574, -109.28353648909231, -113.48010073822807, -96.13526810876391, -75.2924472791671, -86.59958191850674, -119.58795809682746, -76.13144934574045, -120.00274617617356]
best: -120.00274617617356