values: [-18.846707259276773, -21.07754566670616, -17.615868851905365, -20.077539578193228, -21.077539877224524, -20.077477237545125, -22.308382709654904, -20.077545666423525, -20.07754542638001, -21.07754551620041, -20.07747717755009, -20.077545666734654, -17.84670695211604, -19.846706726608716, -18.846707258949188, -21.07483673407538, -17.61586877940408, -19.846705333972768, -22.308384074060065, -15.923672898008434, -18.589716708555372, -22.3083840741497, -21.077545666392535, -19.84670725930568, -17.615868851849584, -17.615865566770673, -22.308384070927662, -19.337078648690973, -21.077545426853312, -20.077544918781953]
best: -22.3083840741497