values: [-249.71146591385934, -320.9780617931421, -292.70462228801176, -349.25149988616033, -349.2384505037356, -292.7046229400504, -227.90691527209455, -320.9780614355661, -335.114775343126, -363.38821894073766, -292.7045088292118, -306.8412943354667, -320.978061511593, -363.3858733897875, -267.5409885203012, -320.97806135852494, -335.1147803368058, -349.25149989219494, -258.5443720347428, -335.1147795876071, -292.7046236965219, -278.5679046485938, -320.9780604781302, -306.841342496379, -349.2514998922351, -335.11478054642697, -320.97806176277624, -292.7046187934866, -335.11478063333084, -349.251499882393]
best: -363.38821894073766