values: [-349.25149232859155, -349.2499184583593, -249.72788131806044, -292.70460602132044, -306.8413187054656, -335.1147808242069, -306.84134196950004, -335.1147808007711, -335.1147803370324, -306.84133280552425, -320.97806179527305, -306.8413421623698, -320.9778677137553, -320.9780617393791, -335.11478029248275, -292.7046236276073, -349.2460100470707, -349.2514998895474, -292.704622201004, -320.9780616961148, -306.8370393452094, -320.97806179520904, -292.70450632192956, -306.8413427407792, -363.3882189366182, -335.11478083818247, -335.1147767702835, -292.70462369738885, -320.97790995917444, -306.84134274564457]
best: -363.3882189366182