values: [-87561.7614391401, -169809.54933874708, -84436.4190471196, -176274.1651685406, -56293.12815135168, -89642.21500456032, -118503.18990024438, -112023.22834752667, -94957.92330228901, -110428.73524868199, -51381.477723223004, -171485.52187483443, -108255.81424640841, -157423.3380345038, -102746.5318462648, -72797.9550522581, -73121.14780595996, -64463.92171418234, -141147.5720956226, -118624.13860389673, -163787.94054302765, -123269.37262365794, -106395.93694380469, -156620.4401254076, -30630.798076635692, -111516.96789737852, -96673.3405117837, -131760.0395366649, -21870.810483826022, -64283.67912396151]
best: -176274.1651685406