values: [0.034061249400210755, 0.10023912834157793, 0.02122875997775653, 0.004341552386252574, 0.018207370285824084, 0.029691389498367075, 0.023251163165385117, 0.0189064775662633, 0.0008372871932080629, 0.03275438849724584, 0.1428254076235276, 0.03034988591794651, 0.04137904483893715, 0.011108383475401136, 0.011581700490825528, 0.07589460740419526, 0.0007783875192795091, 0.031273712432317524, 95.55214044277241, 0.004737932589891176, 0.03186833245883583, 0.15498195663512276, 0.032231086294876726, 0.03675734239471223, 0.011500787832728863, 0.014789767097760803, 0.11403544334778344, 3.2786571199097647, 0.014237289221058883, 0.022787436263952573]
best: 0.0007783875192795091