values: [3.2429017916130443, 8.242373841573587, 0.7513737792328533, 12156.238406486042, 0.0070297374603235235, 0.6622169092421617, 22.97171602580722, 21.361231014525554, 3998.124186436031, 20273.251873290308, 6.129008209043199, 1031130.220392399, 89289.42400290919, 89575.33507106177, 151.08562744938283, 11.496702735363264, 24274.15908064915, 399.6003657210181, 3.8697307320557606, 101.8769854276179, 15563.321828890083, 908.07603164797, 111773.59182670667, 237014.1164657305, 15361.66657327349, 197.67278411270956, 503433.7619017038, 14.568376454806229, 137.66687476879517, 113099.50820267209]
best: 0.0070297374603235235