values: [-2.794302776634522e+153, -1.8411081619963345e+155]
best: -1.8411081619963345e+155