values: [-8.870777202750502e+153, -9.44947477650947e+153]
best: -9.44947477650947e+153