values: [-5.0985404252975514e+154, -6.998095754555923e+153]
best: -5.0985404252975514e+154