values: [-1.225077473333904e+153, -3.425697232574e+154]
best: -3.425697232574e+154