values: [-1.075117495639529e+155, -1.4661893041555432e+153]
best: -1.075117495639529e+155