values: [-4.4636877145118325e+154, -4.9457522666869115e+153]
best: -4.4636877145118325e+154