values: [-3.649066144210545e+154, -3.596353373658416e+154]
best: -3.649066144210545e+154