values: [-1.492167447928545e+154, -2.3783732142595156e+154]
best: -2.3783732142595156e+154