values: [-2.5861888813488813e+154, -5.239128443041511e+153]
best: -2.5861888813488813e+154