values: [-1.4872232961574934e+153, -4.9720513372909313e+154]
best: -4.9720513372909313e+154