values: [-6.6499383238870525e+152, -6.448429033948773e+154]
best: -6.448429033948773e+154