values: [-1.1524934067041448e+154, -1.9388577892854296e+152]
best: -1.1524934067041448e+154