values: [-1.2992705666227993e+154, -1.0933951647040992e+155]
best: -1.0933951647040992e+155