values: [-6.776017466980195e+153, -3.70904094601892e+153]
best: -6.776017466980195e+153