values: [-6.081600073084875e+154, -7.442784383968988e+154]
best: -7.442784383968988e+154