values: [-3.3585434381842795e+153, -1.0608261521864551e+154]
best: -1.0608261521864551e+154