values: [-3.556612981477599e+153, -3.103478265990768e+154]
best: -3.103478265990768e+154