values: [-2.357653531296869e+153, -1.1567355330818256e+153]
best: -2.357653531296869e+153