values: [-4.6036541244910844e+154, -1.174448167703224e+155]
best: -1.174448167703224e+155