values: [-2.267040598590748e+154, -1.169879513753458e+154]
best: -2.267040598590748e+154