values: [-2.7759080520294986e+154, -6.906275424597402e+153]
best: -2.7759080520294986e+154