values: [-6.81117524208891e+153, -1.5186926454141031e+153]
best: -6.81117524208891e+153