values: [-2.2900404051196777e+155, -2.637370802438615e+154]
best: -2.2900404051196777e+155