values: [-8.946402259081002e+153, -5.379984301281959e+154]
best: -5.379984301281959e+154