values: [-5.650868019470484e+154, -1.5681874471210267e+153]
best: -5.650868019470484e+154