values: [20.36334585144213, 20.353447888398225, 20.642116107057245, 20.256449877562332, 20.348859493694313, 20.070466837797934, 20.350350975594672, 20.54838662143757, 20.41449653513379, 20.52881514230918, 20.364016369056706, 20.503528941217308, 20.537406916624885, 20.410946136288977, 20.540724216139665, 20.3771618543098, 20.33115600028381, 20.514556290322904, 20.074969209520898, 20.18774319588843, 20.48128885398164, 20.338155532252333, 20.382852795493424, 20.100673012067272, 20.548190866706125, 20.68956086579009, 20.627995878563482, 20.611952138979643, 20.33605904551681, 20.492627678220515]
best: 20.070466837797934