values: [-33.4726261491727, -36.323309756157705, -32.709498583909244, -31.554532952952727, -35.19054015078198, -33.476017603852384, -35.186820643940905, -35.64521489193968, -31.0298511991393, -35.91638793521323, -36.90757879085977, -35.141251993129934, -34.22212574624805, -34.88398221197764, -35.47487306470699, -32.440856361088535, -38.072618894062764, -34.36105234285413, -33.52510686341051, -39.08985210156262, -34.49274609795795, -39.07192468601625, -34.26371107703195, -35.23802354186321, -36.36513047795313, -33.72874295029988, -38.31750946950096, -38.9948870180245, -35.066176374726446, -33.275549161330055]
best: -39.08985210156262