values: [11.885396660267212, 1.570276769696524, 0.017073934861527584, 1.645269451488761, 0.08389271638585688, 0.5513675561591838, 6.04245875053914, 7.142767536264215, 5.577744831053516, 28.00185282187203, 3.447094344002272, 3.806837216836028, 0.49292532340786477, 18.049465991976966, 13.639480901091428, 4.018608479983225, 0.2042101604201574, 0.4914876730964116, 6.567833985532544, 0.08225105751251055, 0.2695855712310205, 6.419406094552131, 1.0182253921503057, 2.4651732041677605, 5.8985394216148155, 0.004224241929231567, 0.8280311299554421, 1.0946586664524183, 1.2916390103100648, 32.24581810856638]
best: 0.004224241929231567