values: [0.211669944457768, 0.029502469071170268, 0.11074202221483609, 0.08855400189592189, 0.13390942473681078, 0.11359291077476719, 0.10894060589777221, 0.05419306660444345, 0.12300221117013554, 0.1579794661383479, 0.14408181429806788, 0.04432318622082854, 0.05162137464766092, 0.1008827080589374, 0.06426544682003577, 0.08064419061089256, 0.1451700167256359, 0.05196951034714903, 0.12567671943820824, 0.039491198074245726, 0.15999262560705374, 0.17485123643570089, 0.14279767829937817, 0.036933797942908075, 0.12789759983711035, 0.04685679777851426, 0.061549301080424446, 0.07904021435289832, 0.05664589664157971, 0.13087568367915592]
best: 0.029502469071170268