values: [0.41249786604342503, 0.5389320297720118, 0.272426292670251, 0.3539309811676682, 0.3384120719579167, 0.47109681116957347, 0.19600833116813232, 0.29233773885246483, 0.3263689617473492, 0.24109163034729342, 0.24000244928635095, 0.42083191399212244, 0.44681793506489154, 0.36090556609187774, 0.3389817259303396, 0.488832801811494, 0.3507701966955601, 0.2262318955142978, 0.45307926200219717, 0.4063312965925503, 0.25183653572085807, 0.24868137209027885, 0.18911413599743787, 0.2663568736120125, 0.4719552444318402, 0.8288000131848405, 0.41385981934875526, 0.29648698389200123, 0.16839952522862867, 0.26772210552186765]
best: 0.16839952522862867