values: [1.1574918886592313e+74, 1.091298920002206e+81, 1.3913728928237093e+76, 5.587509589876736e+64, 8.530091043196095e+76, 9.726960147183794e+86, 1.6427485016663043e+74, 2.2605300628211373e+74, 4.571774903385912e+87, 2.479285698825607e+84, 1.1377518852555144e+87, 5.188098819217601e+71, 4.506914393725849e+87, 1.3468145626320666e+91, 7.806486973993042e+85, 8.230348250522314e+71, 1.1608700906725303e+81, 4.379908533932271e+81, 2.741384718807747e+75, 7.081480427041649e+83, 4.578137015952031e+79, 2.7280158084645668e+79, 1.2245346132106643e+85, 2.0214070915909298e+90, 1.3160554286548032e+83, 2.5544739699271697e+85, 7.5501047673796915e+84, 7.792387263128951e+77, 4.023195837049776e+81, 2.0825200478871877e+79]
best: 5.587509589876736e+64