values: [0.4554609571986193, 13.546835312528797, 2.004995017982643e-05, 1.727817344507946, 4.605017415645003e-06, 0.08957779965741619, 0.00019631548117937417, 0.5765173102959655, 0.4543256289516472, 0.000332968286213911, 0.08952999975345238, 0.0007019414699927209, 0.45435618853936144, 1.7278022863317752, 3.960679247547079e-05, 0.00021332737353721318, 7.443874231825712e-05, 0.003108435075066058, 2.3914022556814938e-05, 1.5870219796216142e-05, 137.16295574758536, 0.5439440463625296, 0.007944934137566384, 0.45433271672409986, 3.727573747600207e-06, 1.492358852267014e-05, 6.584311820672628e-05, 0.45442057782811307, 0.00016382467296253983, 217.18533604821314]
best: 3.727573747600207e-06