values: [-5.467715858307294, -5.938136004744453, -6.030557052246709, -5.341880437197719, -5.796262881189673, -5.839911656899606, -5.659299063237925, -6.437269219852495, -5.401699261757279, -5.319696150805231, -5.759987742588556, -5.801510677710487, -6.155757324789359, -5.91000766537585, -5.408118874418627, -5.339665688229853, -5.111050881709565, -5.582541533488846, -4.71485728262359, -5.419848652045531, -5.24682617678011, -5.933645120986914, -5.607492140007513, -6.439666786213469, -5.399078806980007, -5.3903630433929015, -5.967964840593411, -5.701629680082319, -5.282319444115646, -5.703922991804194]
best: -6.439666786213469