values: [0.015473216264275232, 0.07892348052500392, 0.02557535350652436, 0.018855930984750316, 0.01647077095988892, 0.00584652831237664, 0.03699381807500292, 0.03587265793976572, 0.05097847109976793, 0.01646627831326573, 0.022502649087688682, 0.02304928827997744, 0.005656449481128944, 0.009261807707836921, 0.02741462959180364, 0.043935262458845756, 0.016962010997688057, 0.02290486611874644, 0.03859913197648269, 0.012486118268111265, 0.0039032406156896586, 0.012584621759529882, 0.01548659808686613, 0.028863071738064468, 0.02793276756377775, 0.06568517189148458, 0.04184906360913133, 0.030361759345457852, 0.07684938933727575, 0.054265890811560205]
best: 0.0039032406156896586