values: [6.905835334104978, 7.140841905657339, 25.91610461839697, 12.12801842425408, 17.279174613956357, 11.296357221796981, 10.745798586187192, 58.30657132417811, 18.91235834420003, 6.975372976188382, 16.109718100796684, 28.854207831554348, 21.60128798944602, 6.621272186424562, 14.924842649021429, 11.479525259020988, 8.829491660677888, 18.165568240486905, 26.864920730103904, 20.505866456140453, 24.261069426632957, 14.781381114257314, 16.341311105002617, 30.882342291473122, 17.806766733123695, 22.70065149598085, 21.921618678877437, 8.957413942211517, 12.501263993092437, 17.551786107781496]
best: 6.621272186424562