values: [7.066850335398062, 716.7978962686981, 5.367329254406279, 59.21435474851068, 16.989520587959106, 28.398459736209404, 10.064755688181101, 980.2222535418796, 70.35767194734505, 6.740094135628064, 17.778631237182957, 214.63215647275152, 8.78146094128292, 132.14961977818007, 33.85830644136162, 3.124268396647208, 171.27570286099296, 7.394827278413304, 5.384708810363256, 6.335857400840773, 75.91356056820592, 50.863125180271496, 6.099055716274394, 155.82419723655605, 1.688587265845136, 103.8935023123938, 231.00508007063218, 233.1319735949074, 7.396035310343034, 170.92473911618555]
best: 1.688587265845136