values: [0.19987334835660114, 0.29987335171767504, 0.199873346139359, 0.20612969379933305, 0.1998793586381643, 0.19987334931006973, 0.20021045465736056, 0.19987335181075738, 0.29988405170472765, 0.1998739623277543, 0.19987339546398694, 0.19987366406913382, 0.29987412352754006, 0.19987382322051175, 0.29996854805373974, 0.19987770289193638, 0.19987415338526643, 0.2998735721719234, 0.19987943599961805, 0.19987351507457923, 0.29987347279373205, 0.19987359003669924, 0.19987334687780348, 0.2998747247701257, 0.09987484653636677, 0.19988016592986443, 0.09987992541768625, 0.19987821110726084, 0.1998847700095575, 0.19999882414520984]
best: 0.09987484653636677