values: [-19.41125250750953, -26.809677779847426, -34.27884267031979, -19.82342577440636, -29.855895101821996, -30.200144225513114, -20.513084061779093, -21.034969954822074, -27.532474696261843, -28.463920908611918, -21.28115856283394, -22.19770937386461, -28.65420248887479, -22.24268716529123, -29.232423572688354, -29.567468762674363, -22.86315810591658, -20.695459932242024, -26.764529044553758, -21.525507860789336, -26.016551569439578, -19.90891948138294, -27.310132338076777, -18.83306509520062, -21.648093689256886, -18.187406100156082, -32.35668650744796, -21.393225897874924, -34.09180403616911, -17.255299228958563]
best: -34.27884267031979