values: [-8531344949542691.0, -1.893169074770724e+16, -4.998719654034709e+17, -99425109947081.61, -1.7429689173605014e+17, -385182507577697.75, -448377649476704.6, -4.718136854450275e+18, -5839322840372565.0, -4.089738832616686e+16, -3.2898743988492027e+18, -1823785644972239.2, -1623629028090906.8, -209143525641843.7, -9.414649071921374e+16, -1.0548740984623709e+17, -619548302066421.5, -4.295743722203292e+16, -3.5355277278570977e+18, -475574440634561.56, -566970917284017.5, -1689510437219374.5, -3.4578884736548896e+16, -4.640677712038597e+16, -652080257986797.4, -279077188855516.53, -4277698384632280.0, -2.323568986655141e+16, -1.473859468793843e+17, -2347290344182149.0]
best: -4.718136854450275e+18