values: [-89.31346555405761, -95.1194744195791, -63.24488873108004, -99.69955501663831, -94.48572911585289, -80.18237694146521, -106.83687610635431, -95.00583087016518, -87.8404274583266, -99.44988168684976, -111.0338840966033, -96.90500463178962, -90.2687997417973, -77.81704942906563, -77.92664498366568, -81.60092079642064, -138.48623246553237, -75.58438849364651, -85.4106316816537, -77.70523494993375, -88.6847529827615, -83.44077360251524, -104.69537686650673, -100.44426219153392, -100.77799695583812, -77.19216974061445, -59.5654971640473, -96.88517068088662, -107.9688911868804, -106.20213369999597]
best: -138.48623246553237