values: [-4239.908243174608, -13163.84718619382, -11762.794834884147, -7152.385178863208, -71275.00623421365, -1282.5149983458114, -5171.775767457145, -4643.76045153277, -856.8379302459539, -104754.53929142357, -23469.435508134065, -8486.070327444328, -290985.56144935155, -20687.18878692998, -911.1499681836519, -2144.740767188715, -8705.097605138226, -527.6414450763045, -843.1424634351152, -254138.0684660653, -1240.1788324268502, -8217.44116287928, -656.4720516799302, -209719.13846715723, -18392.5306248783, -64651.49575059674, -9774.745506416319, -6736.099303592066, -3736.9917160092486, -50513.65301373442]
best: -290985.56144935155