values: [-83.04430976543935, -87.28500982756621, -89.96269319435389, -67.22090335421036, -80.66469560035597, -80.60433335319922, -92.76535758016183, -71.40432444370987, -90.53085081074443, -98.48245803732921, -72.34676376522094, -67.03303643325731, -70.34864214402559, -88.67183471067347, -80.27361615104306, -71.4650000858877, -99.73541168272503, -73.01390888781913, -76.53339375761763, -74.24775047818979, -84.8427655898395, -91.25729834019405, -73.98736378938308, -104.83220501121178, -69.92721725680785, -69.55846136938337, -80.43141062521812, -80.93694946386283, -65.03535193620426, -71.62990375686041]
best: -104.83220501121178