values: [-18.744571745574056, -14.16257638371382, -17.82369861133214, -12.976893532900323, -15.503537745615368, -19.27071629125597, -14.75005150879829, -20.498915473997304, -15.670744548295067, -19.116248522457592, -17.71077280207834, -15.34851532733306, -18.279981404491796, -17.457337641023948, -16.55657389463048, -16.86935363766279, -20.842793304139, -15.558309709063378, -18.86082796081273, -20.507791456096463, -19.14591257298876, -20.573235581085587, -16.48153549397261, -21.284050556810598, -16.70837791079758, -17.837161393894945, -17.832580579159465, -15.7311371527652, -16.12291439342808, -15.907917087146746]
best: -21.284050556810598