values: [-363.3881550120882, -348.41800472663493, -320.9666505954597, -377.5244151822986, -377.5248534978993, -377.52485733287824, -363.3881262991375, -363.3863305310904, -335.1133383124905, -377.49522859040303, -391.66029815093987, -363.22087850616134, -363.38757501266366, -363.3404518727336, -349.2483820060472, -377.5243825659968, -349.2464306235185, -377.524815582697, -363.38811029547185, -349.24554219362545, -335.107860107968, -320.97422124504976, -377.5208718000884, -391.6349678723865, -363.3830827858783, -377.4561502445984, -363.3873596415069, -349.25145512786344, -363.31209104819885, -363.3871147104032]
best: -391.66029815093987