values: [-349.19897534589273, -349.2505046066831, -363.2701917914417, -349.25146143456016, -377.4962166083845, -391.6596302453046, -363.3879019670386, -377.50428503272394, -377.3993830012319, -335.11123687926346, -377.52106233800083, -335.1137951936056, -349.0573743470036, -377.50047840526327, -335.1115740019634, -377.5243674665725, -349.2514560692878, -349.2514908940199, -391.6278636377198, -363.3877368711277, -361.5314435172245, -363.3882075610378, -377.49882949287394, -349.2027133933809, -349.2447663059059, -335.1147512670632, -349.2513581533427, -363.3307822028226, -335.00921444890474, -335.11240359905355]
best: -391.6596302453046