values: [24772644.5061015, 0.011226123889503977, 0.08829195696313318, 4.2198769085611785, 829.879052769536, 0.49257926234752236, 92.12434079431274, 117.6466505246109, 2.6728871549619266, 85.86223595802815, 71.22999053760071, 22058.93092656248, 0.02374898569043858, 113.8572251705796, 0.259621214511884, 0.0058323480040329695, 418.53370381268445, 17.071722452210643, 0.5705652979564618, 0.5198980168693751, 0.17995374513157575, 4.715713679682513, 0.06110394793199939, 1365.9624833652194, 2002.013639435799, 1.4025926630884857, 1.4476406797862458, 5.76293915566292, 0.6540585195575822, 2.5826085622336254]
best: 0.0058323480040329695