values: [-176928.27073831495, -175706.28656238777, -153659.1678908717, -164398.12864226504, -178620.52926425953, -186261.69079357368, -185282.70654157555, -123752.0974249429, -177105.46513692208, -163780.29111576022, -157055.17437243977, -199452.24593295713, -191057.42553455976, -192640.42884686714, -156286.3514069277, -181833.8120910385, -176166.99559626894, -158856.1878428559, -183458.72088539583, -143433.09737377896, -158557.8954392699, -108541.41709011878, -186188.23687346786, -176483.6056568439, -171272.1273343423, -184071.6686435472, -173863.400618253, -183980.79455187728, -164562.0778520129, -168695.39698852814]
best: -199452.24593295713