values: [0.1579734194616893, 0.2374345980457211, 0.5161794827406175, 0.03841339390955162, 0.44759986143284947, 0.35395545830599484, 0.13345968833569208, 0.19232141591238955, 0.08207375128923465, 0.8509049008520801, 0.15279250890553547, 0.15873350649944806, 0.07282680072388503, 0.10105781271359442, 0.055049054113079046, 0.13494085668512443, 0.12016869887366954, 0.24460950082130586, 0.20268095622218263, 0.03381544355875155, 0.10137112516359997, 0.25400592556528656, 0.05682638523230858, 0.16759441576133802, 0.09194221892731357, 0.0663619779018786, 0.24190689615621072, 0.08921712645317048, 0.30554168322463193, 0.11130261222343257]
best: 0.03381544355875155