values: [-1.8058059392529943e+97, -2.9837874787686666e+99]
best: -2.9837874787686666e+99