values: [-1.7298106962257347e+97, -2.078514428789405e+98]
best: -2.078514428789405e+98