values: [-7.143930286608232e+99, -5.2043405936863276e+98]
best: -7.143930286608232e+99