values: [-6.744944999448852e+98, -8.584247816900327e+98]
best: -8.584247816900327e+98