values: [-2.7438672772420406e+99, -2.296124522226678e+98]
best: -2.7438672772420406e+99