values: [-1.3186714286957238e+98, -7.725563290420799e+98]
best: -7.725563290420799e+98