values: [-1.7850428286370312e+98, -1.0445699304176452e+97]
best: -1.7850428286370312e+98