values: [-1.5350421243320133e+97, -1.8126425441048726e+98]
best: -1.8126425441048726e+98