values: [-1.2042414276809945e+98, -8.745421313603516e+99]
best: -8.745421313603516e+99