values: [-3.552331544799055e+99, -2.580907450961865e+99]
best: -3.552331544799055e+99