values: [-1.9831420258450907e+99, -1.15715836168828e+98]
best: -1.9831420258450907e+99