values: [-1.0049114903280879e+98, -9.38277500605232e+96]
best: -1.0049114903280879e+98