values: [-2.597027578918799e+98, -1.8281741325947245e+98]
best: -2.597027578918799e+98