values: [-2.304459338337869e+99, -4.534104879990873e+98]
best: -2.304459338337869e+99