values: [-3.3251575367203027e+97, -7.27809635946926e+98]
best: -7.27809635946926e+98