values: [-1.449757020061314e+97, -1.704941296628846e+97]
best: -1.704941296628846e+97