values: [-1.1101544275488103e+98, -1.064776788585229e+97]
best: -1.1101544275488103e+98