values: [-2.2128350934642485e+98, -4.6125002822072e+98]
best: -4.6125002822072e+98