values: [-1.5761294949503346e+98, -1.2718348253850388e+100]
best: -1.2718348253850388e+100