values: [-2.1701734242920633e+98, -2.9997357532953227e+96]
best: -2.1701734242920633e+98