values: [-2.7623030810078184e+99, -7.676532001960413e+99]
best: -7.676532001960413e+99