values: [-3.6084296275931174e+96, -1.1130514403166717e+97]
best: -1.1130514403166717e+97