values: [-2.23618732328268e+97, -4.895646674984041e+93]
best: -2.23618732328268e+97