values: [-5.3368337173192426e+98, -6.088275736857586e+97]
best: -5.3368337173192426e+98