values: [-9.519182254181922e+98, -1.5927907252189288e+98]
best: -9.519182254181922e+98