values: [4.231748285121739e-10, 4.3219205991817944e-11, 5.5978621738006495e-09, 1.0847398534963304e-09, 8.396949802147446e-10, 1.9404414519641477e-08, 5.191087559808238e-10, 7.442655380884844e-10, 5.468774322281433e-09, 2.183542235911773e-11, 8.367568860023766e-10, 2.752674976846947e-09, 7.010969582665894e-11, 6.253277895496012e-10, 5.25088283964692e-09, 4.499363104315535e-09, 2.5540178860694596e-09, 2.848910884978295e-09, 3.605795662053879e-10, 1.8157998216139504e-08, 1.0188516696985062e-10, 3.8001291002842663e-10, 7.3916628373638105e-09, 4.030539901833663e-09, 1.1324563509163e-09, 1.6155916160442985e-08, 8.271472395904311e-11, 2.0027859370941314e-09, 7.469549423433364e-10, 1.994529741367046e-08]
best: 2.183542235911773e-11