values: [-5.432947466338075, -5.853047542554813, -5.4329474663380894, -5.297009385988957, -5.297009385988957, 1.021361204013276, -5.2970093859889555, 5.133559826282708, -5.297009385988957, -5.681485636617928, -5.297009385988957, -5.297009385988957, 0.8739233239591535, -5.4329474663380894, -5.297009385988957, -5.297009385988457, -5.297009385988957, -5.29700938593542, -5.297009385988957, -5.297009385988956, -5.297009385988957, -3.3604659425914765, -5.2970093859889555, -5.297009385988936, 2.563171514026828, -5.2970093856286, -5.297009385984678, -5.297009385988957, -5.999994185519599, -2.1188803266544904]
best: -5.999994185519599