values: [0.29118686613274025, 0.015655718749661447, 0.32969941229680966, nan, 0.19921912382467002, nan, 0.006748911276185166, 0.024060038951327, 0.038178109014676324, 0.019755832441335854, 0.21320247643471996, 0.7618652212509123, 0.6007259053040601, 0.0887271631310694, 0.1375968403278592, 0.010124144024119826, 0.10522401711376467, 0.051801920289157546, 0.09350691590832186, 0.08966015870917961, nan, nan, 0.00924797631951949, nan, 0.08243183377334543, 0.13065416263978658, 0.22900966306374923, 0.11776638422059355, 0.002236498710968973, 0.036279433618088774]
best: 0.002236498710968973