values: [4.244978808616089e-11, 1.3971666070387815e-09, 3.437484323718083e-08, 1.4828843014624837e-11, 6.55279146916099e-11, 4.073579197710348e-10, 7.606160065145569e-12, 1.8835048984864497e-07, 5.391614310470032e-12, 1.3186944788138256e-10, 1.3832113220536649e-08, 5.148650792630928e-11, 1.624847590271361e-09, 1.782591860149929e-08, 5.164214170631477e-10, 3.3513918969468107e-10, 1.6255108869154598e-07, 1.2406623338488756e-10, 1.665914454995754e-11, 1.9741151326650254e-11, 0.014431265625277193, 1.5782879437399206e-08, 2.3210478932809568e-11, 5.500534576430294e-11, 3.0719152549262134e-10, 2.5636194222397345e-10, 2.1083586505161952e-11, 3.382344304606034e-12, 2.7327017623732638e-09, 2.122779187554104e-05]
best: 3.382344304606034e-12