values: [1.1102230246251565e-16, 1.1102230246251565e-16, 1.1102230246251565e-16, 1.1102230246251565e-16, 1.1102230246251565e-16, 1.1102230246251565e-16, 0.0, 0.0, 2.220446049250313e-16, 1.1102230246251565e-16, 0.0, 1.1102230246251565e-16, 0.0, 0.0, 0.0, 0.0, 1.1102230246251565e-16, 2.7755575615628914e-15, 0.0, 0.0, 0.0, 1.1102230246251565e-16, 0.0, 1.1102230246251565e-16, 0.0, 0.0, 0.0, 1.1102230246251565e-16, 1.1102230246251565e-16, 0.0]
best: 0.0