values: [0.1225376396539275, 0.019853576393844163, 0.022850620464857863, 0.24401317615818285, 0.025728079644492696, 0.10056231596982068, 0.008957713689561386, 0.28225121519534535, 0.08338577816399495, 0.33636734057546425, 0.04216766291069102, 0.016246783380313434, 0.026809941247596836, 0.16844679838309817, 0.02351375147346091, 0.05582756409083278, 0.10957974486379779, 0.3328139248981641, 0.03731461391787039, 0.34054580574471577, 0.003342907657592875, 0.01631548228735069, 0.043152427453855224, 0.030914641593843273, 0.14325628305300658, 0.002667139930901008, 0.133779821998611, 0.011044073482116556, 0.08739527790547214, 0.025353829602507316]
best: 0.002667139930901008