values: [2.588775955453204e+80, 2.6762937461188675e+95, 4.583389876959737e+81, 6.693639674586547e+95, 1.5646329727785226e+95, 2.4324374427263937e+91, 5.13534876904221e+95, 1.816009973591797e+96, 6.636371885393177e+96, 6.836071145879967e+92, 1.2602115113879842e+79, 1.239687502287072e+89, 2.022266790662542e+82, 3.3823052496185185e+88, 5.589734051825407e+83, 1.6972861762411245e+82, 3.991996737850935e+80, 3.2016019666373283e+87, 3.452099060831947e+80, 4.4706976007330694e+91, 2.0463239494212476e+96, 3.420757299533816e+80, 3.6074369930585025e+86, 2.266928525973477e+96, 2.222340538778749e+96, 4.1999595453673884e+88, 1.058369563042154e+95, 2.208787070840582e+96, 1.0470024773836772e+96, 2.2233769402795803e+95]
best: 1.2602115113879842e+79