values: [-5.162126159965412, -2.82140015796047, -5.162126159965413, -3.217439711341152, -5.162126159965412, -5.162126159965398, -5.162126159965329, -5.162126159965411, -2.6745768419339186, -5.162126159964379, -2.9522871527549683, -5.162126152178011, -2.6812284793124315, -5.162126159965412, -2.7004896459514365, -2.7407767232357383, -5.162126159965384, -5.162126159965322, -2.7004896459506593, -2.9522871527549666, -2.700489645951441, -2.952287152754967, -2.7407767232357374, -5.162126159965402, -2.821400157960461, -5.162126159965412, -2.740776723235738, -1.4510180060466193, -2.740776723235738, -5.162126159965412]
best: -5.162126159965413