values: [3.2240630091271155e-19, 1.7786765936918926e-20, 5.278882418627259e-20, 2.560954053148234e-21, 7.73568798939476e-20, 2.289884460654558e-21, 6.969455411239242e-22, 4.5720172640325956e-20, 9.753118017096327e-20, 1.8283302546687723e-21, 1.656552809043362e-19, 2.6152972899391814e-24, 1.1845268531718989e-21, 3.8858687459191945e-18, 6.5925073463985955e-18, 5.867145501662327e-23, 4.478906477447803e-19, 1.2632291800020706e-19, 7.712588844488242e-22, 1.2572722868937013e-19, 6.6691535114834755e-21, 3.142852708016531e-20, 1.4406254684823653e-17, 2.4727676897047733e-18, 1.7623713477702997e-19, 1.2519002870896862e-19, 1.7244562898972894e-17, 6.123359315955324e-19, 1.2877869486159871e-21, 5.79930154977629e-22]
best: 2.6152972899391814e-24