values: [-1.029539105330606, -1.9474533344854064, -1.6381294728447542, -1.1684884651704246, -0.3315554655619972, -1.9678800203923674, -1.970553216844478, -0.20625125192142835, -1.9699654083233067, -0.18551503232556454, -1.9688143372091234, -1.986311077120538, -1.963331130219533, -1.9295664332705438, 0.3692433596231975, -0.4388382336162612, -1.3489832780761832, -0.7679123699773664, -1.9295664433214896, -1.9672669666666525, 0.39854339400060645, -0.9681850764495264, -1.9533833636858433, -0.3700570550789448, -1.9705551336495257, 0.013223990504197536, -1.9706825209506769, -0.46789837489294234, -1.9330098818493442, -1.9685177567194097]
best: -1.986311077120538