values: [1.4065703442259316, 1.594910557840469, 1.2740811178222553, 1.2178497328376159, 1.1629512441974466, 1.421120535842506, 0.9860892681184859, 1.5687716872012303, 1.129485657440205, 1.5312472054854538, 1.515919722405647, 1.216033336644526, 0.9215574859969471, 1.3641644112974447, 1.0157587149372114, 1.4314360444822296, 1.1756423538692058, 1.5492832722786603, 1.1836705918573165, 0.960627533370518, 1.270231562014251, 1.5303014144183564, 0.9340858663118803, 0.9991407340327559, 1.3847810169760197, 1.4641605549775412, 0.9687825983722251, 1.4617891452670435, 1.695524415145738, 1.3691287282209121]
best: 0.9215574859969471