values: [0.13894931908044783, 0.8429856332378733, 0.20016548404240342, 0.8672884976096439, 0.4368202975003319, 0.7088609421543034, 0.772897738795092, 0.48878982053012404, 0.12746462644427853, 0.8412348945880268, 0.2613671673653648, 0.9184952282711962, 0.6223899116126589, 0.36167758710302794, 0.09005387685369427, 0.8813919641849316, 0.17402038006538723, 0.7696903113494462, 0.8699742093445507, 0.15328195769659994, 0.9939932557642979, 0.8206494170557763, 1.0167722185218278, 0.3245465952191488, 0.5766609959017613, 0.6523243789832587, 0.6332896276411227, 0.14748816026367464, 0.47903862627919913, 0.939468647080856]
best: 0.09005387685369427