values: [0.0, 7.105427357601002e-14, 0.9949590570932898, 5.222489107836736e-13, 3.552713678800501e-14, 0.9949590570932934, 1.4210854715202004e-14, 1.9899181141865796, 1.3003500498598441e-09, 0.0, 0.9949590570932898, 3.552713678800501e-15, 0.0, 2.4868995751603507e-14, 1.0658141036401503e-14, 0.9949590570932934, 3.552713678800501e-15, 9.947598300641403e-14, 8.196110456992756e-12, 0.0, 3.552713678800501e-15, 9.947598300641403e-14, 6.31104057902121e-11, 8.881784197001252e-13, 4.263256414560601e-14, 1.4210854715202004e-13, 9.379164112033322e-13, 3.552713678800501e-15, 0.0, 1.0658141036401503e-14]
best: 0.0