values: [1.4279306138284183e-13, 1.9746596526675252e-07, 4.353983772231719e-12, 1.3050408256785568e-14, 4.7872328288597384e-15, 2.299011162799032e-13, 4.2782771480327593e-14, 3.319397090474626e-12, 4.788023811803548e-13, 4.877402361687994e-14, 7.839727482816834e-17, 4.516531665331154e-16, 4.4185505076402496e-13, 9.195699747902218e-15, 1.1751856536528458e-12, 1.1632534757552636e-15, 6.113130030205434e-13, 5.100695953554062e-14, 2.235293749886357e-17, 1.7387950996602566e-12, 1.3313575256384363e-13, 3.481508111305033e-13, 1.1113712618745408e-13, 7.406336464570536e-16, 5.761806356035193e-12, 3.381896867253867e-07, 5.9428746143865566e-12, 1.0424409554946484e-14, 1.652005550130861e-10, 8.336947428540729e-12]
best: 2.235293749886357e-17