values: [0.09988321384291696, 0.20076402744833027, 0.09987338457850425, 0.09987334584681098, 3.2136432661664563e-07, 0.09988982910738348, 0.09987334584681101, 1.9671636813797368e-09, 5.436671305319827e-09, 2.5189734043500043e-08, 0.09987335199282171, 0.09987414183229465, 2.2251111788050322e-07, 0.09987334597669355, 0.09987335623149951, 0.09987334584682234, 0.0998733458584934, 0.099873350125446, 0.0998733544518913, 0.09987334624444405, 0.09987647726040841, 0.015457649452419479, 4.236901093744628e-07, 0.09987338221098573, 0.09990844497243721, 0.09987336174920272, 0.09987334585583124, 0.09987441656585178, 0.09987334586224272, 6.324050582419501e-08]
best: 1.9671636813797368e-09