values: [-5.371079898514874, -1.1234882205954841, -3.086220586098551, -3.086220493918998, -2.499960352929499, -3.0862205860985297, -7.655939210931196, 3.7931690788928707, -3.086220586094842, -2.7930906938684643, -3.08622058609855, -3.0862205860967746, -2.79309069386846, -5.0779500062847855, 2.4601796133925244, -3.0862205859954894, -2.793090504425907, -2.0185905999538853, -3.086220586098548, -3.0862205860423746, -1.9943473233900852, -2.793090682657599, -2.7930906938221685, -0.6203743983539247, -5.371079898514875, -3.086220586098551, -3.0862205860985443, -5.371079898514837, -1.1482115026108293, -3.0862205860886522]
best: -7.655939210931196