values: [837.066915953906, 830.5169887278979, 843.5846637866919, 830.076576297192, 830.363988012412, 834.7003490036649, 834.8594578156649, 830.0753480639694, 830.0752006157684, 830.0752209563449, 837.5313438071929, 837.0626048574624, 830.185286352674, 836.8801262397214, 835.184405009862, 835.6615688546575, 837.6180967964362, 830.0766352651499, 835.4043741868671, 834.8602124780207, 837.4094701689882, 835.1293473110811, 830.2093080789939, 830.1427031358229, 830.2972182430551, 830.0751969527, 830.1986629505047, 843.8877425905521, 836.9281377249113, 835.4831767352184]
best: 830.0751969527