values: [-29.675900051421056, -29.675900051420992, -29.675900051420985, -29.675900051392006, -10.902448264724459, -29.675900051421163, -10.902448264724464, -20.289174158072726, -10.902448264724462, -29.675900051404724, -29.67590005142118, -18.332282538220277, -29.675900051421177, -29.67590005086409, -20.289174158072818, -20.289174158056703, -10.902448264724455, -20.28917415805764, -10.90244826410273, -29.675900051420438, -10.902448264036721, -10.902448264724429, -29.675900051421173, -29.675900051420943, -10.902448264723978, -29.67590005142098, -20.289173726376998, -10.902448262559455, -10.90244826472446, -20.289174158072807]
best: -29.67590005142118