values: [-25.74177099545106, -12.267820447305228, -25.741770988036514, -17.035663542421126, -21.38871726893625, -17.03566354242113, -17.03566354242112, -17.035663542421133, -17.035663542104764, -21.388717268936247, -17.035663542421126, -25.74177099545137, -17.035663542421073, -17.03566354242113, -12.267820447299062, -25.74177099545137, -21.388717268929334, -17.035663542421062, -21.38871726893625, -17.035663542421126, -12.267820447305244, -17.03566354242112, -17.035663542421133, -21.388717268935917, -21.38871726886122, -21.388717268936247, -17.03566354242113, -11.284246855296622, -7.499977351761114, -25.741770994867444]
best: -25.74177099545137