values: [-18.095565070002404, -18.0955650700073, -18.095565069818214, -18.09542611616505, -18.09556497944248, -18.09556506999074, -5.908903155072881, -5.908903155067392, -18.09556507000652, -18.0955650700084, -5.908903154816993, -5.908903155072878, -18.095565070005218, -18.094123393398107, -5.908903155072875, -18.095565070001157, -18.09556507000841, -18.09556507000196, -18.095565070008405, -18.09556507000835, -17.69560466326237, -5.908903155072877, -5.908903155072864, -18.095565070008355, -18.095565070008348, -18.095565069996276, -7.294585797704163, -18.09550726352401, -7.294585797704252, -18.095565069895738]
best: -18.09556507000841