values: [-4.461676814830943, -4.461676814830943, -4.461676814830865, -4.461676814830943, -4.461676814830945, -4.461676814830945, -4.461676814830943, -4.461676814830945, -4.46167681483093, -2.2308384074154715, -4.461676814830944, -4.461676814830945, -4.461676814830945, -4.461676814830925, -4.461676814830945, -4.461676814830885, -4.461676814806758, -4.461676814830944, -4.461676814830941, -4.461676814830945, -2.2308384074154715, -4.461676814830941, -4.461676814830943, -4.461676814830944, -4.461676814781896, -4.461676814830945, -4.461676814830944, -4.461676814830243, -4.461676814830868, -4.4616768148309145]
best: -4.461676814830945