values: [-50.05889331056788, -50.05889331056788, -64.19561235905536, -50.05889331056789, -78.33233140754285, -64.19561235905533, -50.05889331056788, -64.19561235905536, -64.19561235905536, -78.33233140754282, -64.19561235905533, -50.05889331056788, -64.19561235905533, -78.33233140754284, -50.05889331056788, -64.19561235905527, -78.33233140754282, -78.33233140754282, -78.33233140754282, -64.19561235905536, -50.05889331056788, -64.19561235905535, -50.058893310567896, -78.3323314075428, -64.19561235905533, -78.33233140754187, -50.05889331056788, -78.33233140754281, -50.05889331056788, -64.19561235904663]
best: -78.33233140754285