values: [-50.05889331056788, -64.19561235905536, -78.33233140754282, -50.05889331056788, -78.33233140754282, -64.19561235905513, -64.19561235905536, -50.05889331056788, -64.19561235905533, -64.19561235905536, -50.058893310567875, -64.19561235905533, -50.05889331056788, -64.19561235905536, -50.05889331056788, -78.33233140754284, -64.19561235905533, -64.19561235905536, -78.3323314075428, -50.05889331056788, -64.19561235905536, -78.33233140754089, -64.19561235905535, -50.058893310567875, -50.05889331056787, -64.19561235905535, -64.19561235905532, -78.33233140754281, -50.058893310567875, -50.05889331056788]
best: -78.33233140754284