values: [-12.67083202470535, -12.670832024705355, -12.670832024705351, -12.670832024705359, -12.670832024705355, -12.670832024705353, -12.670832024705351, -12.670832024688876, -12.67083202470535, -12.670832024705355, -12.670832024705353, -12.670832024705357, -12.670832024705357, -12.670832024705355, -12.670832024705351, -12.670832024705351, -12.670832024705359, -12.670832024705351, -12.670832024705273, -12.670832024705355, -12.67083202470534, -12.670832024705346, -12.670832024705355, -12.670832024705344, -12.670832024705353, -12.670832024705355, -12.670832024705359, -12.670832024705353, -12.670832024705344, -12.670832024705351]
best: -12.670832024705359