values: [0.01593871197366381, 8.79574992647973e-06, 2.1225497420397641e-07, 1.9036387208514358e-10, 0.00046629930052930813, 2.8972178541329123e-06, 4.590659440716686e-06, 0.0003139251782657368, 1.9202031986411892e-05, 0.015223240893472365, 2.4563053488803785e-07, 0.0016623447118708176, 9.829407792064677e-06, 0.023520669214843016, 2.7458734160390705e-05, 5.416492361504789e-07, 0.0002562740297309664, 8.653812330920255e-08, 5.0087455416617744e-05, 1.5020387277597776e-05, 9.954254882065986e-08, 0.0005272162736706278, 2.651766143938402e-06, 9.44696494544739e-06, 0.0009928807562677774, 0.0008410871995155184, 0.00013604065399329943, 0.0002180240826561965, 1.1997173956078875e-05, 0.002563242188347073]
best: 1.9036387208514358e-10