values: [4.6388356022418403e-10, 2.4291767259116127e-11, 1.6967411336530984e-09, 2.8510445013097226e-10, 3.1729976439454624e-09, 1.0191921750823468e-09, 2.3128675255273917e-10, 2.884862658801829e-10, 0.32968996119499716, 1.0918567988134948e-09, 2.335114251595331e-10, 4.940883106063222e-08, 4.6068586139609305e-10, 2.611797854986922e-09, 1.6975350362147563e-09, 3.010670617497698e-08, 8.824638201531487e-09, 8.783952645496195e-10, 2.0673439247619198e-10, 7.215756095560448e-09, 0.32968996119499716, 0.3296899611949971, 0.3296899611949972, 9.04199530758808e-11, 4.228294885442992e-10, 7.381642115832157e-11, 1.697409210166876e-10, 5.305320861838439e-10, 0.3296899611949972, 3.387331115523356e-10]
best: 2.4291767259116127e-11