values: [-83.33026323198906, -84.2283455613819, -110.49009796366578, -65.57025530199634, -93.47708120432371, -74.28681197898261, -78.67683255710855, -94.27643160391877, -106.14939136926873, -96.19515957529141, -78.5186229268184, -68.41391314618166, -96.1582205643606, -105.15271135596784, -91.66996670277231, -85.88718286238395, -95.13305109798202, -87.21915379184823, -81.04500462819412, -71.42095819195121, -90.53470309034263, -89.99237215545924, -74.74159081333569, -96.2737994443188, -79.66090058537716, -89.59280416793821, -64.08882596880322, -84.98939631987572, -90.24676626885079, -66.28987946233131]
best: -110.49009796366578