values: [20.88488493408311, 20.85080703430388, 20.91781706274975, 21.019312786996355, 20.719179819220876, 20.559486024734476, 20.95431591178569, 20.962682716278405, 20.853124535340992, 21.095341904505794, 20.854904830658903, 21.033121922971006, 20.587903459830326, 20.553856437371923, 20.868791641845515, 20.984200460518647, 20.600782789324477, 20.965396805930652, 20.817192353500424, 20.822684165704775, 21.038863249980196, 21.05401632177414, 21.140277058658366, 20.560621470466863, 20.971383717192833, 21.018131956688897, 20.946065533372735, 20.500500668285678, 21.070270878479263, 21.032559595392808]
best: 20.500500668285678