values: [6.696505388142599, 50.51396559607968, 30.07739258778975, 65.08579264849914, 31.007131022535738, 27.159825853087106, 55.17572865612379, 30.901709055893676, 107.64653732632611, 28.786646018607524, 51.83091228614505, 46.980031345324434, 95.89384542694918, 17.42619254212942, 90.74814763383336, 75.34268875946665, 98.93993458990536, 6.140299954652595, 120.36427510084984, 12.759693640574953, 6.586844322329599, 85.33684727822656, 113.99683660799613, 15.765250914479703, 10.766983165152574, 44.1779661866046, 107.55781489378862, 108.13053847202285, 82.00209311442973, 36.71052185008997]
best: 6.140299954652595