values: [0.07862515891288802, 0.0027532829682559434, 0.007949099489137357, 0.010250407134056005, 0.010455304480629035, 0.05210886204352594, 0.04005929876731362, 0.03362633010396543, 0.0011119206601749587, 0.010168149207721244, 0.01546616579180915, 0.010328584260821283, 0.0001375159004912696, 0.0008870894194032974, 0.018172212444900082, 0.020027339160492375, 0.05477101988526201, 0.008947508381936586, 0.016107322952146452, 0.03254908803181977, 0.014908633110214398, 0.0005937393605572883, 0.059154293969801874, 0.0022424010040511533, 0.0017720245064473117, 0.06366063731654414, 0.018104770555552374, 0.02346723080444202, 0.08717532178283527, 0.012657164567524526]
best: 0.0001375159004912696