values: [0.9469382944720319, 0.5796998538958228, 0.5095050377184263, 0.5370645473449904, 0.7550600175046269, 0.611707941917718, 0.3217062607540061, 0.7405389767650933, 0.7205509042847134, 0.7628097524712689, 1.1427498236137086, 0.7374714209739054, 0.6766503045845598, 0.6148109623081105, 0.471063039333935, 0.6052855348120332, 1.0559699313595674, 0.6884164687277052, 0.46602637533380975, 0.5823300457846311, 0.8213329375057636, 0.5859011401280563, 0.46039460321002074, 0.6870819722709792, 0.6630631489981769, 0.5969482010285426, 0.5846713209598992, 0.46519966567118304, 0.4533284485860595, 0.5803010498453087]
best: 0.3217062607540061