values: [9.862040702956743e+67, 2.0536959252086446e+72, 4.3810255454019275e+76, 4.077481390099267e+59, 2.375074526466901e+50, 2.665380254565787e+55, 3.6990857652406694e+56, 3.387584186420576e+54, 2.898398783532032e+65, 7.10009650802642e+64, 7.410798240668041e+59, 8.303696072918845e+76, 1.5959623283050678e+47, 8.715972365164673e+56, 2.44026659845127e+40, 2.306999851576808e+56, 1.454843275586063e+60, 1.3532222864927005e+67, 7.747182522014288e+65, 3.8557871054444003e+71, 1.7021616102955755e+48, 9.562390446814877e+46, 1.5178189797560988e+55, 9.883250662817218e+54, 4.796551881397438e+62, 3.5182206878362995e+59, 1.181651891505194e+51, 3.076344452499201e+57, 1.4235391261008113e+66, 3.8509155443310655e+65]
best: 2.44026659845127e+40