values: [87.27678345171275, 65.681909588448, 224.59768771525847, 55.88088953057521, 370.3156514923397, 98.40498496145928, 355.50021963404765, 17.117507769380552, 222.27958009316987, 59.09942953392657, 440.0247411115249, 68.95605783256286, 388.9962819552423, 288.95785489822924, 44.834130932133284, 329.63823664222195, 303.1789590116644, 802.4191531122981, 569.197670275605, 55.753721407651334, 527.8145950665311, 454.6368189167032, 30.68139735405342, 68.71992173613339, 202.13028636352868, 225.9345872043913, 1667.916621482909, 100.68015851323261, 309.82790732118957, 140.0641879217748]
best: 17.117507769380552