values: [-10.355582072134682, -10.735732996178152, -10.737888496833618, -10.052600184888078, -11.085473518267237, -10.289199884049147, -11.659680367323585, -11.242267923055326, -9.954946641436367, -9.202686631665188, -10.585487917878508, -9.816570194754624, -11.528213380633346, -9.88274580836527, -8.72795905633645, -10.062321789653312, -11.722908498381175, -11.888565078942833, -9.902012018854826, -9.902225438592321, -9.394991585185469, -10.403311897159027, -11.057140978249596, -10.215605837394435, -10.922519176379343, -10.63557246876993, -8.954645924099566, -9.125701697141379, -9.600370757869628, -9.86423571151013]
best: -11.888565078942833