values: [1.268626851391025, 0.27250890706746234, 1.1749342638302687, 2.741453554484958, 0.2337003341587917, 0.5643226717309224, 0.6770731287896514, 1.0683135047283256, 0.61053275174449, 0.7788291869069403, 0.2240742414489179, 1.3947997482239116, 0.8026523306840777, 1.0130107824877554, 0.28937033301840415, 0.32824824985382406, 1.2924622012339593, 0.43301757028247884, 5.920657499247289, 0.47853357737655505, 0.6910365819652198, 0.5195905927925172, 26.421339351480498, 0.7904930241965993, 0.6424638139636843, 6.930218468412962, 1.3479878034352724, 0.4697792129535594, 0.5420357499824217, 5.137187777791055]
best: 0.2240742414489179