values: [132.9754502049015, 142.34659869066726, 104.2694008338911, 77.36949086998754, 96.78737994882331, 75.95316113880565, 106.41686042260233, 107.58252031981772, 88.4311667594701, 111.39197321168211, 126.86571197482289, 59.67074305143984, 101.22566661894257, 131.95514112050216, 67.75746016732879, 78.85037176562341, 70.13340243825249, 76.19872750184675, 107.52520321977761, 112.06738158959999, 169.9833853498673, 141.13956692802876, 104.67510936335424, 82.37837046049057, 75.78154349757327, 180.967001182238, 150.35098697592727, 108.1371676955128, 91.84769610602754, 119.6372163267556]
best: 59.67074305143984