values: [138.2741659601617, 457.4271710430044, 715.7198670713857, 89.11145697458628, 510.99106650531274, 129.78976332184826, 192.2552569892864, 1339.5912488483932, 231.98678083862347, 254.27177112581944, 504.5441418393196, 306.11029976387744, 10838.413668799305, 88.50453183440204, 96.82304252805532, 411.1834580083839, 155.3801634637284, 144.81057704039515, 6005.728512786365, 825.555925396295, 54.10218505537262, 42.04113036710572, 2516.189697828246, 264.14539390627107, 52006.591297978404, 386.4679993368184, 206.56048765260732, 415.44476211393703, 453.66901047565176, 834.7419917792884]
best: 42.04113036710572