values: [0.8998743748246313, 0.7005922213559246, 0.8336176892955148, 0.7998969469036049, 0.500065245766848, 0.7999651337468427, 0.7035925385114362, 0.49994711747243087, 0.7003487765980803, 0.5006073327181396, 1.0123311676693614, 1.0011517051252434, 0.5998764193794869, 0.7366945191906323, 0.5998733465020081, 0.7020509820427361, 0.4000883437043273, 0.5999472189208618, 0.804913764369564, 0.5999671753140006, 0.800770477206833, 1.1006995085254832, 0.7999041922078848, 0.8038595990421087, 0.5998737839885481, 0.7060285368998752, 1.1190585203926435, 1.3593878204478214, 0.5998819754525482, 0.8998739149565538]
best: 0.4000883437043273