values: [-43.286918805682916, -45.24363688162955, -69.18833556766185, -40.177606227217886, -42.4947325708342, -47.13150108767242, -51.85766778249528, -35.28793496022554, -45.462259466574444, -49.55922805788975, -37.66411430157555, -50.69510261135354, -52.25635769374449, -48.049498381452466, -36.90906858460255, -36.692392266475984, -47.94951973928241, -46.08346687424408, -60.5096760417527, -41.76508655567494, -47.672552585491786, -50.29474247126118, -40.73676375510735, -50.239825496295445, -35.404934395494436, -49.229179679783115, -62.405156275716465, -41.15293647529083, -37.33403621009063, -43.45890710614625]
best: -69.18833556766185