values: [-5.921902126174276e+38, -7.800253810389522e+39, -1.5811674276887477e+38, -1.5732259662896182e+39, -9.524492411796627e+36, -8.50568830408554e+37, -3.9115784647160696e+39, -3.6696275307793137e+37, -6.107909200166637e+34, -3.445685993789263e+38, -2.544585870698823e+37, -1.878731336073966e+38, -4.5816116506651844e+39, -5.616803812164734e+38, -1.4362161550292778e+40, -6.067155273289958e+38, -4.018789428693782e+38, -1.2842048774205748e+39, -1.5838352973708447e+41, -2.7970638666802837e+40, -2.9628809279566164e+39, -8.543222423370784e+38, -2.0537382154109217e+38, -3.432063842242229e+38, -7.725688999078981e+38, -2.014442219597959e+39, -1.2657874665106065e+37, -1.8978301028685018e+38, -5.208024690890962e+34, -8.149579934690438e+37]
best: -1.5838352973708447e+41