values: [-287055739.33986366, -132313167.18806073, -11259.458576882738, -18610.026386607227, -51871.16904695205, -10801130.446005918, -2738.6650460221795, -213671.44466802655, -56474551124.32912, -6224774.268566602, -19597229.460545763, -15981.42802902203, -145227.45006987988, -824768074.8385783, -2350.190255366068, -42388.81372842992, -377366950.47655475, -28026206500.89051, -1513127.9361716236, -2673869.1618050286, -14943593.368816033, -2860377566.7149673, -77761593.63060844, -259.94842385978563, -39618157.440442845, -113289211198.7222, -983588.8023195538, -6877009.713628513, -1734.3619746043466, -4813.659509873394]
best: -113289211198.7222