values: [-130.27091810412, -201.08430118224723, -162.9402664356405, -182.03825041413268, -183.3174430144022, -182.58955758201165, -209.65544050351266, -182.97507374190516, -231.78852554840313, -153.75350575224238, -159.55485803645652, -136.9738880195838, -165.25947079896162, -172.21035587058267, -118.9889550861297, -177.54312888938605, -124.1842721298132, -154.18916087366335, -117.88797886476993, -133.73103515208658, -127.27219341737279, -151.51903799088564, -148.79217279252686, -177.01137105888932, -121.13698369667115, -159.5482068151091, -159.29867402883988, -212.16173870469734, -180.9525374021093, -220.4623602947581]
best: -231.78852554840313