values: [-219.4885861758734, -161.34709576250242, -155.46163160710816, -150.65137477650194, -168.2858510179203, -187.63843177923755, -161.4005944719434, -142.11213286094014, -138.38746566851032, -129.60775221006608, -193.07050895606528, -174.82298585788084, -152.68769545454265, -194.34762455919613, -127.46891289264083, -187.42508726626664, -231.50049199904504, -172.9532018837856, -156.8851248606405, -214.1652090058317, -168.0554020323718, -142.92597616372126, -147.58414420396645, -226.69674687895434, -165.7716228278802, -192.27165634825542, -119.878766045089, -156.21299940092254, -184.28232830877866, -164.5606118933166]
best: -231.50049199904504