values: [-34.34215112816918, -34.201904482200064, -51.09910543228505, -52.9141535303072, -44.08381032185947, -40.73922011741043, -39.87281281188963, -41.76109763744819, -46.327140020337204, -40.275399831977836, -55.98466011172889, -45.066997259979146, -41.655261547442066, -35.62751611095647, -41.994289940021574, -51.19306857772166, -40.05724434196525, -37.6629261564861, -33.66612486067612, -28.199003214661943, -38.32500300316493, -25.42056953129535, -37.432724219883696, -40.25973621892867, -31.4250708672889, -39.18649934612501, -36.768106542448486, -33.25407391464784, -35.39386693187206, -42.325037021935174]
best: -55.98466011172889