values: [-1015.5159088294984, -999.7891475467162, -1005.2236130476679, -1004.3974168824897, -1052.820126640543, -1039.6147755647287, -1019.0639469170611, -1016.1090467901088, -1010.344584337994, -1037.155049497769, -1017.8891476122371, -1017.317415207199, -1041.0184998475715, -1033.2000247251397, -1041.5707356620783, -1060.3221053008185, -990.9573031001884, -1056.604729279301, -976.7446828674813, -1003.5068363337855, -1031.5453477115018, -994.4089305385846, -1019.3007874080669, -979.147809660544, -981.5061976262808, -990.0635090514958, -1103.615377401095, -1032.131139446091, -1060.3266926296992, -1033.3438780015351]
best: -1103.615377401095