values: [-1016.6094125165157, -1081.3400349975266, -1086.442152302376, -1016.8943612811431, -1073.5248134461133, -1088.7270078025506, -989.3342438171165, -1018.2754459627104, -1043.3808007496493, -957.5755189401104, -991.0510025373878, -1033.4117138082538, -1013.3753367627869, -1004.2431909635724, -1056.9195536442248, -973.5066227894804, -989.4316594878887, -976.7385546460208, -1044.887991615335, -976.3806930755987, -1006.1110718208176, -1045.7721987845625, -999.7988337430594, -1047.1511571919941, -1016.1489486790248, -1042.4636682575037, -1075.1322238602618, -991.120478342788, -990.3846287368871, -1039.1957615618096]
best: -1088.7270078025506