values: [6.067235031139279e+20, 2.1349238231048e+17, 9.427787668577131e+16, 3.740426924902791e+19, 2501231544085655.0, 421942726147142.94, 2.739419839945253e+17, 8.055043196639381e+19, 2.46087554690552e+24, 2.472544249917709e+24, 1.1046558501782906e+16, 32087440519.383118, 1.2049730318709126e+25, 2.1676607281984876e+23, 2.3302481875380958e+20, 8.699383908447927e+17, 42678020535106.96, 3.321020418400853e+16, 152964670305466.2, 1.2476632793490496e+27, 1.4366820591313856e+18, 1.6789969217136558e+19, 760707249536220.4, 2.3248576085746847e+20, 2.5635331705524426e+17, 1.1097035033903794e+17, 383105809631978.7, 4326076388323565.0, 2869177517061352.5, 8.268778817140025e+20]
best: 32087440519.383118