values: [6.596040251593859e-05, 0.00036192750842057355, 0.00016689733655004822, 0.00016052717255180476, 0.0003348795784385721, 0.004574352618781886, 0.00022155801749423532, 7.256139710605802e-05, 0.0006440422906216432, 0.0037034622910071023, 0.0006708661792687045, 0.001144952298318778, 3.6156566632189754e-05, 5.642150783215626e-06, 0.00038289942344740563, 0.0020524768562313763, 0.0033655159921483417, 0.00014833103977670954, 0.0021057583867350963, 0.0002502362553434787, 0.0004136345769483619, 6.08494996637071e-05, 0.00040839511763614137, 0.002151482137115991, 0.00011657123164757462, 0.0013678912435370505, 0.0007479748882339767, 0.0024935005344658124, 0.0006010630906290507, 0.00030979622179477394]
best: 5.642150783215626e-06