values: [-2.6253954814705573e+43, -6.69654115342048e+46]
best: -6.69654115342048e+46