values: [-2.3686941461266026e+43, -6.451686691295603e+44]
best: -6.451686691295603e+44