values: [-9.699745215175047e+43, -3.1218830714617345e+44]
best: -3.1218830714617345e+44