values: [-1.8060246077374642e+45, -1.6481395008641705e+44]
best: -1.8060246077374642e+45