values: [-8.87031542636296e+44, -3.237561525080961e+43]
best: -8.87031542636296e+44