values: [-8.246910064151612e+43, -8.45132525616538e+45]
best: -8.45132525616538e+45