values: [-3.206116102338511e+46, -3.233287227859624e+43]
best: -3.206116102338511e+46