values: [-5.318512453581257e+43, -3.083841291741337e+43]
best: -5.318512453581257e+43