values: [-2.2870248392396255e+45, -6.859406069718351e+44]
best: -2.2870248392396255e+45