values: [-7.044980038162538e+44, -1.2682100142506342e+46]
best: -1.2682100142506342e+46