values: [-8.642869195008457e+42, -1.703075585487333e+44]
best: -1.703075585487333e+44