values: [-2.717227651643981e+43, -6.9956606379448575e+44]
best: -6.9956606379448575e+44