values: [-2.215123688398771e+45, -6.498775874626423e+44]
best: -2.215123688398771e+45