values: [-3.768833139443572e+44, -1.4893057695529982e+44]
best: -3.768833139443572e+44