values: [-1.0662131057106521e+45, -3.472822136897196e+45]
best: -3.472822136897196e+45