values: [-4.1811817765733277e+43, -5.865147599796603e+45]
best: -5.865147599796603e+45