values: [-7.822900214518861e+43, -3.6656886255804463e+45]
best: -3.6656886255804463e+45