values: [-5.39209407787248e+43, -2.474062670556159e+44]
best: -2.474062670556159e+44