values: [-1.7556145706041598e+44, -8.58826472521353e+44]
best: -8.58826472521353e+44