values: [-1.075470542788268e+43, -1.0238316372823785e+46]
best: -1.0238316372823785e+46