values: [-3.606014448196292e+41, -2.4258546701562845e+46]
best: -2.4258546701562845e+46