values: [-1.5275864140197505e+131, -8.158803345506691e+132]
best: -8.158803345506691e+132