values: [-3.568755950736736e+45, -2.630009454738131e+45]
best: -3.568755950736736e+45