values: [-1.0192103199467881e+46, -2.084673845161309e+45]
best: -1.0192103199467881e+46