values: [-5.861819225998708e+46, -3.409251423145309e+43]
best: -5.861819225998708e+46