values: [4.371619633229091, 4.191195489883448, 3.910500574806218, 3.784185417937309, 3.9528473087791984, 3.198654771257431, 3.413635652775533, 3.432130966953498, 3.448380872789276, 3.981548759853695, 3.631582557034975, 3.3390372558519883, 3.931446393847683, 4.114281393418665, 3.789821586762479, 3.4648221940592987, 4.368122579668647, 3.426274452039167, 3.333643360683969, 3.526595567806798, 4.201560993423875, 3.572332925893822, 3.8709207538181585, 3.6605289701373818, 4.771740940787417, 3.5241555402513467, 4.146733976700617, 3.7099674659090742, 4.874445993818842, 3.4831568747604575]
best: 3.198654771257431