values: [113.56103086612417, 106.62717666255904, 113.18591222657773, 105.54292002744522, 106.58980056859453, 121.4952681009553, 112.54374609175116, 110.06207636445957, 115.1886301609907, 108.96920558678679, 98.36425618255187, 98.92475171068335, 86.47620062262982, 97.857383589048, 106.0861126520555, 105.51759671746703, 104.22546847950542, 102.15848985728503, 105.29664646305724, 105.31044606129525, 130.0359988299805, 109.23551251087116, 111.36699823460243, 100.50753249739067, 117.56241543899158, 118.44247628755849, 90.64887498591949, 105.58897107055483, 103.46392415030783, 111.35117012537071]
best: 86.47620062262982