values: [8.70454666629086, 8.607955125724473, 7.5015508941574005, 15.888745550650732, 7.42526513489013, 8.916720363405426, 6.217072232067791, 5.817305490089747, 14.396535023471767, 10.109067966819381, 4.331091679161073, 6.311074738672705, 9.018150906878079, 6.134500682498559, 6.248008211399174, 6.151949229729977, 8.005267927439423, 9.541711270780313, 6.869752822637603, 5.429634440365477, 5.2742906309405075, 4.818876256203042, 4.815045166420208, 4.180497414395123, 7.29460400718935, 4.463134775938691, 4.192820948627828, 4.650179658373121, 6.972421805730132, 8.117209350557092]
best: 4.180497414395123