values: [0.1483473834518486, 0.19849289300102502, 0.453348062602723, 0.2953019498169235, 0.38958135519852743, 0.3031701671709611, 0.3144190533884166, 0.35537829940835186, 0.2764492382913848, 0.35602529428421614, 0.29626659805969613, 0.3330512024085962, 0.14812899425046933, 0.23871912921537564, 0.1703856652156669, 0.2663556717122809, 0.25936136509303653, 0.26491314573778557, 0.44679571117456607, 0.08855087340833268, 0.30165057221055025, 0.44035095777107003, 0.18639381344938077, 0.3373647058428789, 0.4760157695919466, 0.26043167552612556, 0.18396547156449006, 0.36078984851579676, 0.26453608713792687, 0.3301073013749706]
best: 0.08855087340833268