values: [3.1889025968328433, 4.196854950689582, 3.84288378687708, 3.1234083861572364, 2.9847756860959915, 5.744718153806248, 3.613425386465946, 5.170944093019944, 2.4422855515302135, 3.6306507860157216, 4.102921218446232, 3.1115479547649167, 4.161242021118463, 3.5808350524910604, 2.3599645835847163, 4.256699339791958, 5.14959676649859, 4.122079677395673, 3.6777463612830825, 3.765263252841282, 3.9517294695988694, 4.28677915217534, 3.047522108637631, 4.130743483993377, 4.6587997421386875, 4.246302294673285, 3.281677441885958, 3.030937391113942, 4.501902417012324, 3.700242934318344]
best: 2.3599645835847163