values: [1.3254625624618676e+102, 2.3671927854396484e+101, 1.3399617693697636e+102, 2.1051497341969133e+101, 1.3075032469772162e+101, 9.850654449892874e+101, 1.1473920507650215e+102, 1.0587359466362126e+102, 1.0397241192258315e+102, 4.0030234218337805e+100, 4.5165932674948214e+101, 1.8192171625891257e+101, 4.2141495432327046e+101, 1.1015337973176901e+102, 5.039369486646808e+101, 3.9911947612219566e+101, 1.7738336463920314e+102, 3.525251083857986e+101, 2.4069260573127438e+101, 1.1804300372997492e+102, 8.657990699182264e+101, 7.91546411373479e+101, 6.304049003338367e+101, 4.7712504119019315e+101, 4.674061209086137e+101, 3.088341100041259e+99, 1.863596240101258e+102, 1.0632626447517109e+102, 3.0318287799669834e+101, 1.1227422421911251e+102]
best: 3.088341100041259e+99