values: [1.9873514182231924, 2.2109689023122088, 6.0195843621104395, 1.6735994391197626, 1.3207020913397571, 2.0716773327413023, 2.314694033257645, 2.733975749416555, 2.4464916896036217, 2.033604449876142, 1.315997762193132, 1.2527787354769222, 3.6227352703994664, 2.8520406666395854, 5.680692776222016, 2.7653048197413304, 1.8309408540661394, 1.469797365548664, 3.2715659969412365, 2.9694313276158617, 1.9175002585860683, 2.763400784636663, 1.8284403741582251, 1.8009400736199268, 2.0458529324957153, 1.0314348593840963, 3.0126685098223733, 1.0109405612468803, 2.6895366763529354, 6.100286356240663]
best: 1.0109405612468803