values: [0.19410335067661222, -4.572259875106985, -1.1529876624047772, -2.969226814327968, 2.577936371760131, -0.7946760084835771, -2.5589974974422556, 0.02298845684776038, -0.02680386960237372, 4.656547094438918, -2.5202170265954944, -5.3000337329856855, 3.3913229576562194, -2.8912224246711453, 3.3092672652843587, -2.236021418440754, 2.9549468876689797, -1.342202435155058, 3.723291900782879, 3.0107016850835238, 2.586301955256107, 3.628659713799207, -1.5141310851652172, 3.8417536149473213, -0.32857055095955506, -5.1499409771096625, -0.700357469745742, 3.8878338951612763, -4.133005067438974, 4.9984377022007545]
best: -5.3000337329856855