values: [-144000.28111627352, -2153.493984624298, -23050.674487861917, -222032.23936125357, -398.0925484460117, -17501.380953164895, -838303.7819013306, -3182.304862227915, -45639.70198030567, -982737.2638782414, -7116.059396898772, -88163591.52221909, -168913.04607749693, -675398.6125572415, -4995.84622546833, -2087.5453911663644, -11883.966979453231, -67253.73666386475, -170498.62099225685, -2281.524997071072, -784.3682873144795, -4946.62042615767, -122830.56478875333, -485060.87895208347, -2163786.2441068576, -514.8659979680912, -25668.707466579897, -14702.310879082603, -63534722.17932024, -180495.9261845942]
best: -88163591.52221909