values: [66.94601186652173, 75.33959536030203, 59.320639155684475, 122.20158841604739, 17.466572916582848, 217.418862821836, 107.09257889306384, 102.59120630784001, 164.74390622657083, 33.53176112621142, 160.22408461826225, 125.18824038814978, 151.2819723719052, 168.0303056635427, 40.09709113732677, 99.04380542008428, 104.40657685404238, 125.21613833845763, 132.6770231182518, 67.25817591283518, 123.73532700155039, 131.81429567697734, 83.90126225752932, 140.83180943962904, 183.21003143945063, 100.09031466346435, 386.7073901373803, 33.06829346070358, 111.74303177569162, 42.933006699596824]
best: 17.466572916582848