values: [439.596231074274, 327.3623442529084, 349.16149661348857, 368.0294045902536, 409.55546097142224, 389.49708761308625, 399.83331067097566, 303.83234233786067, 393.5757789298436, 347.06168634112015, 307.27514810630464, 409.0636393948163, 372.7057387071334, 410.32981805943564, 324.8091990777341, 379.5571942933735, 393.5546512860146, 429.23115570608564, 417.76892584500035, 391.0006366821753, 374.31225679795335, 331.2365758158308, 330.8991443657176, 329.02593179739245, 388.94738219656836, 404.8631152244086, 438.96575796888544, 347.87385316292057, 325.3322383312798, 413.14234787546314]
best: 303.83234233786067