values: [594.232526189853, 803.8494884247015, 1598.0026145387385, 1037.9110956989844, 953.5452059589172, 961.2083482709692, 853.4899710382542, 683.7857878355886, 1332.5234089206372, 753.275919084778, 325.09446601137006, 803.3787126207942, 624.5046179949778, 591.2089396568911, 1935.0426686998435, 797.5188672406704, 391.23052650266925, 911.7448928535786, 1298.7556786072837, 1699.846165554841, 528.5577477599662, 810.9152212232102, 861.3847340277849, 1118.2597325502363, 1016.3475868583828, 3670.862230947872, 502.25069216248824, 1320.6596038171479, 658.601683947557, 713.2658641863338]
best: 325.09446601137006