values: [0.703237461329209, 0.7003548477565527, 0.5083368115420478, 1.3658052242427572, 0.9212048979398184, 2.082021903527555, 2.5578047249618683, 2.2233468134193437, 1.361132474718206, 1.6187847323144213, 0.7009578363202172, 1.338757443233101, 0.7690338803684329, 0.6037080315145754, 1.3502104356477056, 0.8006788837655108, 2.7350650482388335, 2.416530284626704, 0.5173296623994458, 0.9029929433812988, 2.335509716641232, 0.9297813552211512, 0.7303515645049774, 1.027685827892996, 0.5442064154810166, 2.388594344345701, 2.051227563225591, 0.6064672496896595, 2.0658011420340903, 2.4495320638316462]
best: 0.5083368115420478