values: [1.2396979549212703, 5.161652922141111, -10.439735740722805, 3.966099860227998, -11.61788504481354, -14.607424615851322, -10.975365687283242, -8.270315295192923, 0.5974500231676075, -2.4360588632385394, -5.259392847554997, 6.238332065262883, -9.44159577206636, 2.5873988152858067, -7.589128308678333, -11.800446800536808, -6.554479550968216, -13.929957341836944, -4.401460301334767, -0.49101209758521935, 25.327506611135597, -3.0944141834288184, 8.072918910539906, 5.253097098611392, -9.257461843957252, -13.506238638905963, -2.3173672102339493, 0.6385100077943114, 0.5849582142830809, 0.9998909636041]
best: -14.607424615851322