values: [12542.83865708488, 12445.32907406916, 12488.261137243235, 12543.130776234653, 12445.009683756376, 12514.212588975215, 12532.929377648554, 12319.98455281203, 12551.002627922193, 12525.523589296083, 12471.792972393418, 12418.042701852044, 12526.981727345054, 12694.52031213212, 12546.2224259928, 12558.981252845679, 12532.741889317402, 12460.967175608363, 12310.10336370964, 11948.716197250737, 12519.851895461503, 12512.883861512577, 12287.073804266494, 12397.652579692267, 12559.72496747284, 12420.775156886704, 12454.053217990308, 12524.472580077829, 12403.219396374696, 12427.34661206511]
best: 11948.716197250737