values: [-7.634129535842437e-08, 3.5570739479134256e-11, -1.1077396083629903e-14, -1.018008987474225e-06, 8.055274225878864e-13, -5.237542802803132e-08, -0.7070514693717678, 2.6060459028888493e-08, -1.2663496222801964e-11, 7.012844322209571e-10, 4.4159456048879237e-14, -8.746460450879417e-10, 1.4018462762646073e-10, -6.6035186283806394e-06, 0.0008844287023818167, 1.6064755887098009e-15, -6.886161593128401e-11, -1.4601041293034022e-09, -3.0487718854227017e-09, -4.6051883567962735e-14, 3.983600045995549e-08, 4.431980787564461e-08, -6.360686876977914e-06, 6.860384628231462e-10, 8.670654960750951e-07, 3.3972720518271904e-12, -2.437118797157386e-07, 1.7304374674028463e-10, -9.496505639441749e-07, 7.378066897055955e-15]
best: -0.7070514693717678