values: [19.716275766259045, -8.169509260381165, 11.137795084297194, -24.3521124110786, 30.128902227928418, -11.158986931050988, 13.541039742067774, 5.842060124176333, -32.05775285935464, 3.370780641636329, -30.384574879453947, -17.389401457217414, 21.151601862013727, 20.96138425574857, 16.695896552994792, -29.326322290024656, -31.82580931571888, -15.247125522301141, 35.713902384318644, -3.5786490476822617, -5.515633350493451, -8.511425366188682, -4.779295386267711, -27.74193254786294, 23.13259327975974, -9.337757222176378, -18.3433921182163, -3.405784511612717, -13.305680473873144, -48.183908111600445]
best: -48.183908111600445