values: [48.02776036326125, 12.41695093225389, 37.305357034642334, 45.92405180963348, 2.4366112852660855, 2.3158706390106376, -14.759339161495603, -10.84334915212322, 54.127168137538085, -24.455714563463864, -32.25529881056875, -8.486954639130136, -27.311423528286532, -67.92398982252122, -44.17627151116642, -3.337889013528919, -26.76667123567105, 18.967382304971423, 25.05466229562524, -58.92485953575796, 6.169240531290149, -43.651406790121534, 8.248785399578765, -20.992561867153775, 26.03933094456554, 48.41390289277179, -3.3993018415887826, -80.8123279271153, 57.99522666660682, -8.278891419887284]
best: -80.8123279271153