values: [0.41674667551747, -2.039047895136091, 1.7687997903426345, 8.137953086486236, 13.598762843323293, 4.482396464610568, 2.303461137737986, 2.6193450129575213, 1.4907999769416742, -10.068038664966, -4.94538618432284, -0.5306506270055438, -4.589006070816184, 8.648699406123052, -14.286411691149166, -6.95614440792316, 5.2690086609043645, 6.328291899243861, 2.387355611427796, 2.2193287275445623, 0.558983219408617, -3.6635338009904794, -10.930942746847442, -12.252362931096219, -8.772498761122746, 2.471047508188292, 4.3449092470175525, 0.9285156484491721, -4.451710894620648, -1.3353078946119807]
best: -14.286411691149166