values: [-416.5598921067399, 2616.2849152041695, 1912.905413930285, 2822.2966843131167, 3498.4727588103706, -96.9154289054926, 568.1133869533326, 389.3623183152728, 6.63961844143801, 1339.3321084073298, -9.157284729479755, 670.261492473651, 2797.6150123357984, 559.040153382489, 2819.0496196522986, 3396.7459556712365, 2266.203298570441, -202.8305251107559, 990.2886283978439, 788.9474649817437, 853.7870747538622, 969.8680611971488, 990.1817446830737, 4311.771742009955, 5115.961692605632, -315.4390585325102, 736.062833730383, 1304.2702057041945, -73.67769580960895, 372.0587160737688]
best: -416.5598921067399