values: [848.1152414145852, 774.3721175702813, 773.2666708312935, 2443.568371054795, 1422.1968684876558, 3167.4972717554406, -327.3708874185845, 1903.1720171667098, 6603.46948751001, 1687.2846898715093, -43.163443247960615, 1477.8519010882303, 554.1534709292989, -115.65370726871484, 1999.8672121015934, 1428.5163265777287, 369.20439335014163, 1295.0506218098717, -273.171027836355, 3109.984399313158, 1945.0523872239432, 911.9518697230077, 3814.4235648749927, 367.19469486897844, 3571.8479510661327, 444.37616082336694, -395.06833413705385, 2278.6191998393588, 789.7116722167448, 300.1143902619152]
best: -395.06833413705385