values: [0.047508552717914966, 0.007608259203288554, 0.009472698441720351, 0.07006257408323442, 0.007711652962412956, 7.240457293638293e-06, 0.00034707482150021313, 0.004662372762864193, 0.011152181937589208, 0.011026267257720226, 0.4034311434411247, 0.31901661408811766, 2.702549209936164e-06, 1.5700521032959043, 6.691782543709938e-05, 0.001217190567392927, 0.011856502489806008, 0.017776844022132345, 0.04746549817392703, 0.0040718461612821236, 0.09593633561994203, 0.06092015592058862, 0.20653992079837338, 0.0014852447995819197, 0.057392021905042806, 0.025325041134423208, 0.05492286069540429, 55.46665706747978, 0.33707402402240433, 0.07757146274439992]
best: 2.702549209936164e-06