values: [65.4410419575209, 3951463.9405354266, 323.56521931465244, 4022.332959905591, 347119.14845618285, 9.351763144694816, 0.31571219283341917, 379529.4884484123, 5.557818803875693, 2257.4164887711895, 1645461.9223698678, 1086.166860587958, 3.3816916877457754, 5762.666548059942, 106.0102815584182, 47.10962090139384, 6.038958792678453, 866.7495724501958, 857.0605662723643, 4356.7517725104835, 6967.41309146152, 7802042.768688142, 117.22274856734886, 2.451290264100736, 476.384616622989, 13.589649388369878, 46476.656100058506, 6760.689186659248, 220.8889280785552, 5.680137496808296]
best: 0.31571219283341917