values: [-32145744048.85583, -2584993998.699744, -471202694.0230391, -182415824.05196092, -702860579593.2507, -269114435.1874422, -4645233093.888082, -1531962324.2945206, -33134136543.8494, -16267420875.264736, -72887108124.87567, -52701169695.43443, -59617181.46304692, -115142655.7192259, -2017515286.8119001, -552723477.397243, -99004888.0566629, -1355043217.3386643, -30873635777.822628, -79539123578.45909, -2084364784.6511335, -653042785061.8259, -69155483.22795996, -5993998813.632965, -7127428804.43927, -828964214.2913841, -604720222.2995454, -53869343137.93924, -16718313077.138086, -49929490892.92243]
best: -702860579593.2507