values: [19.999725004775627, 20.003823354449224, 7.784100352877749, 20.157146085042164, 9.344558684087156, 20.008842437300284, 20.19130124824044, 14.224079066991921, 20.21686873944964, 20.015806232538452, 20.042330355599162, 2.1200533615990733, 19.998448400323756, 19.99988077966594, 20.037693501320668, 3.8856541546137326, 7.5987812291233645, 20.19882029927478, 19.999935141953213, 19.99999512775926, 6.777569248735777, 20.250998729336086, 20.03024173735724, 6.861756843709292, 19.99815018555912, 20.023486469070026, 8.131550400678767, 2.495401167065602, 3.0265942766490963, 10.311716629826066]
best: 2.1200533615990733