values: [-124.73544792132465, -124.01659570086225, -124.78697020514366, -124.56839485464606, -123.5867846854487, -124.42986368975815, -124.37857560604456, -124.79005527840297, -124.76588160491147, -124.63772722660003, -124.50218102667691, -124.62456493390258, -124.78698517157711, -124.54164060680726, -124.72879141522263, -123.81502537659448, -123.64893557801813, -124.72736966453503, -124.24628828968144, -124.76553875163405, -124.79199059869806, -124.76284483157814, -124.3305832591305, -124.48402197019466, -124.77082159358906, -124.3054518827666, -124.47008975729642, -124.5435251381382, -124.728102440196, -124.7323815494024]
best: -124.79199059869806