values: [0.0695206206337892, 0.007000210982224034, 0.007618980360206222, 0.035512068232114814, 0.03826259315229237, 0.11068676568299977, 6.158379978143448e-05, 8.80547014232599e-05, 0.12325454478452277, 0.017357839697306147, 0.06845784492176252, 0.2547021549644402, 0.0003326035169229783, 1.1597373300824396e-05, 6.35759945910349e-05, 0.0023843534569832057, 0.0011170753307722851, 0.002193442688632994, 0.6018564963537779, 0.011061094617773468, 0.005078538269826721, 0.5111672409259522, 0.0010241292620997628, 0.5391176576108216, 0.002815251290087693, 0.001142844928271984, 0.0014105883036747843, 0.014662822168098437, 0.0012537981593705502, 0.003471788042525734]
best: 1.1597373300824396e-05