values: [6.439293542825908e-15, 7.005507285384738e-14, 1.7985612998927536e-14, 1.1302070390684094e-13, 0.007396040334257559, 0.1290606400651173, 2.3365753776261045e-12, 0.04412660136319069, 2.786659791809143e-14, 3.7192471324942744e-14, 9.880984919163893e-15, 0.100793759905216, 2.5868196473766147e-14, 0.014772407729308323, 0.024590437451812885, 6.439293542825908e-15, 0.0639046149410295, 0.01971948924827882, 0.061296393500399615, 0.06884625925549448, 0.012320988894205742, 0.09604025075451184, 0.046585386934970274, 2.90878432451791e-14, 0.07589566162644523, 0.08054055729079324, 5.88418203051333e-15, 0.024573294086396302, 0.044126601363247864, 0.06103481894437057]
best: 5.88418203051333e-15