values: [0.7157289564739807, 1.5431902480107884, 1.8361799417625768, 1.3978781201936457, 1.8165609330290993, 1.311774836189228, 1.6164007363828317, 1.085134011406374, 1.267411752318312, 1.1990537997288795, 1.350746625084184, 1.0911357279541511, 1.4885718903729726, 1.3698637004612861, 1.4185153489580473, 1.4484676947260942, 1.721204393923931, 1.5329608920512132, 1.0788150131286829, 1.99799845008517, 1.7868051116232615, 1.1475253265789727, 1.6101584501920276, 1.4017346100553258, 1.2946831614078627, 0.955898764394574, 1.4955854264254334, 1.3868366381532344, 1.7276688130889795, 1.5571603477740679]
best: 0.7157289564739807