values: [1.6179414272473796e+99, 9.241100722416017e+93, 8.965760070725681e+97, 1.4213778218590193e+97, 8.9049587833509e+97, 4.954305433748884e+97, 2.0376868354311604e+99, 1.2865400252335464e+97, 4.618471034570104e+94, 5.507676042792007e+89, 3.2023483388056597e+97, 3.3635606567534014e+97, 3.737367792926876e+98, 3.006615624257676e+94, 1.4267737705859106e+96, 1.037110562848125e+94, 8.55219340950396e+96, 3.1428484253647256e+98, 1.0063895687011067e+97, 1.604509691547424e+98, 3.4158650014805775e+75, 5.4540774449563815e+97, 2.1869531703034527e+93, 9.013578108829507e+93, 1.028117569737816e+98, 1.5913707038101196e+96, 1.884553648049964e+99, 7.307658527522042e+93, 8.198045051892699e+94, 8.547634170226217e+99]
best: 3.4158650014805775e+75