values: [0.5371695024986665, 2.54018368828954, 15.394182376864915, 5.6969683182458315, 5.324508591722275, 0.2685847512493536, 81.69687552286359, 0.2685847512493416, 3.5383599758916993, 3.2697752246381757, 11.445782087708235, 15.81201455608293, 11.810208569659045, 0.17905650083524693, 27.085033011408726, 0.5371695024987518, 3.9926628385646095, 41.98185767804837, 82.83843168267892, 88.08278965639389, 12.803834832333768, 50.516250147362705, 53.90228482731378, 12.447421576204066, 36.081512752994385, 31.452092881635803, 20.801883877394204, 12.900721619328163, 2.6297119387063868, 70.7594971481854]
best: 0.17905650083524693