values: [-12.227540646928437, -15.007623153582673, -14.75369338290425, -14.010500340859492, -17.877929062124384, -20.46446720904278, -7.800868609454978, -10.386046018672737, -10.348293464074908, -8.114260858080184, -9.361361640466995, -16.188329393696897, -12.797577743033855, -16.31727975465975, -12.905016009222953, -14.461582126820803, -13.48260729583559, -11.19651405675394, -15.56001695772254, -6.731640792255505, -14.64152642104828, -13.78605212185053, -11.321860943467765, -12.651943007103142, -12.504432282874456, -15.12718632487318, -6.4887295080441, -10.526936568022371, -16.82782542276955, -18.95567562606977]
best: -20.46446720904278