values: [4.376755748216378e-11, 1.63767456509972e-07, 4.305034219164965e-12, 4.648969656365627e-13, 1.8288920585040403e-09, 1.0396277691549478e-10, 2.324328218172141e-09, 7.80747526324562e-11, 1.0217774936715888e-13, 1.0686293241932897e-09, 5.58596801322236e-13, 1.3877180695627215e-13, 6.2096522430329515e-15, 3.1980777254068546e-10, 2.74128153368478e-06, 3.089837782535357e-10, 4.9080078827058715e-05, 2.46789506650338e-10, 7.643244800187466e-11, 8.555273870381907e-11, 6.063076867351853e-11, 9.11529873434146e-13, 3.235239098963975e-11, 9.061746642086902e-12, 3.086247963528708e-10, 2.0399401035746946e-08, 6.808322506758741e-10, 4.525328531411121e-09, 4.1665381012815155e-12, 1.234199692445917e-08]
best: 6.2096522430329515e-15