values: [15.905144573221518, 9.434304698816845, 25.244690338387706, 13.795711497491638, 21.35263723429781, 33.167488610301604, 7.692411073983136, 66.61005069294455, 21.684221575495428, 24.33035357020061, 24.539800039066247, 6.217251519811316, 44.335878175964766, 10.253191985707122, 18.793147290195378, 25.71299240192605, 31.98294650351545, 32.299462664263736, 55.30976622882615, 29.90144108006747, 33.589835969739575, 28.683072328091555, 28.52735603694651, 27.276752041319334, 32.14542172625593, 17.968106931517287, 40.153358467671424, 19.755044815822725, 19.281098869885707, 6.521599605645988]
best: 6.217251519811316