values: [1.0132322433625547, 4.753126567247596, 1.8684733176879686, 17.459742655348865, 2.562503342968491, 1.7043259876452943, 1.0832017323812144, 3.216128447926982, 2.0658056863118848, 19.95718548801062, 5.332894454492001, 1.7432979869530918, 6.048522305481996, 0.8832812728589569, 1.8023812485998696, 2.23861906185386, 10.586773200939733, 0.3509416273258691, 3.562845850972666, 2.757437419453867, 1.480223550398296, 1.848542822185216, 2.346421979688462, 1.4963102494476825, 12.087342615983227, 1.2622541522080373, 0.4741765837477348, 0.3165623290240823, 1.8093588096733944, 1.0708538919330315]
best: 0.3165623290240823