values: [79.59646182618428, 197.99424682346609, 30.843705580819233, 95.5158071952427, 111.4342721404422, 148.24814535011973, 24.873956276069464, 18.90421769481742, 106.45932425217785, 48.75291813943181, 73.62671755921642, 124.36800171958416, 118.39976924333416, 23.879012333185813, 86.56118552976147, 167.15185850145855, 31.83864947900264, 53.7276375383783, 92.53079253839024, 142.2784573717443, 75.61667121198556, 42.78318399845182, 34.8235418091723, 90.54098136470716, 92.53081832624204, 98.5002256748433, 18.904217048495013, 35.818475631823276, 175.11086081255027, 44.773102107758916]
best: 18.904217048495013