values: [17.323824513986892, 21.635908917814888, 25.098907120776087, 27.5047849508944, 1.8686519443985523, 23.26661103905871, 20.17565237035474, 23.407492870699482, 24.216205635244545, 74.24825210104986, 1.7194384630925335, 71.18429980173663, 20.96752550568653, 21.614851350143205, 13.212728229276332, 78.33581082859307, 19.057463770647104, 21.93440043237735, 18.224606133798353, 71.61780469711746, 49.85735199427924, 74.12257200458478, 15.119776574014526, 0.5751023564307515, 11.675327148541923, 71.36285026328983, 7.084142973333885, 84.5836867371497, 24.874680091434566, 20.093172713756466]
best: 0.5751023564307515