values: [0.7064731851077849, 0.7998989148557524, 0.7999251033700295, 0.7114620966011838, 0.5998778775566288, 0.8077093713406485, 0.2998741788455583, 0.5998758649472029, 0.5014946247523073, 0.3998831677274909, 0.6005385089124982, 0.6998763618781807, 1.100067236481459, 0.6036171096164904, 0.5000209784549549, 0.7020895003124467, 0.9067952216936469, 0.7033502198225866, 1.1998882262733048, 1.1010251099517803, 0.6998873473742308, 1.5000037885734594, 0.8858828413725418, 0.8000001664597727, 1.5530411704230722, 0.6998735314736375, 0.31333382254654174, 0.308633722682669, 1.101314877258437, 0.6999831563493208]
best: 0.2998741788455583