values: [-81.38299502470397, -79.98329555024439, -90.78236410630659, -85.28056984407671, -73.48479747125536, -78.33132093629972, -69.6566286114639, -71.67940459634092, -80.35496844212668, -86.75873987068638, -79.24100122243918, -84.90834939438561, -72.44044752792266, -74.99390686460465, -92.32783815022566, -66.48815290648433, -79.70574534334719, -86.85662326131283, -77.21724905150128, -74.64522038092545, -74.85177481879077, -76.22701643043128, -75.45126356035072, -74.96441214098054, -79.5586519969963, -72.36930002373362, -83.77149095822378, -80.46591873694618, -86.39607315304873, -67.52855914126671]
best: -92.32783815022566