values: [11454.37115790345, 11293.542532699532, 11303.949350907878, 11444.189665743794, 11511.440299939772, 11462.430081410314, 11392.060939287601, 11270.28636651433, 11413.14721929044, 11292.09594176535, 11261.776790901307, 11422.380090153343, 11303.949350908504, 11164.207005717602, 11323.138388098283, 11581.311472534993, 11294.49115417246, 11462.655407349654, 11362.915735765488, 11342.552751229037, 11529.18274619789, 11154.25083939673, 11243.311049174263, 11422.38009015311, 11311.510304900112, 11474.508816489424, 11292.095941767502, 11413.14721929182, 11314.13084317428, 11886.930779026306]
best: 11154.25083939673