values: [7100610768572.345, -1662222532065959.5, -71903446261244.8, -4171464.0432010163, -475982699657473.4, -373488155118553.5, -293157302953875.56, 3774.865133847014, -7317105.9141422575, -3.5557525088100646e+17, -470596173162490.9, -1567658924665.4607, -257320986237580.78, -248976210408132.8, -125012781385818.31, -45948805259341.36, -19936201920999.844, -0.00024443722497863383, -102864373155340.89, -1262239947010673.2, -5181367817435.291, -3060073064995618.5, 5.76841830457372, 194710102330.44153, 2.654911311965429e-06, -37186207225220.1, -122671241474860.22, -2489731349057563.0, -52328772459070.88, -14650040564007.285]
best: -3.5557525088100646e+17