values: [-257.223328476178, -260.68773431978553, -278.83963895765976, -256.80821312105206, -255.25288146570523, -286.7172711982179, -262.4045273307398, -229.04962190014842, -277.18556621919885, -310.5847131289892, -257.71444667633614, -303.72370832028264, -253.74371916959947, -286.2431580818962, -278.64906571950127, -277.75865520561575, -257.6366842408168, -274.1726752407331, -275.62086123430333, -278.7950320395528, -266.6843846072214, -247.81440435459058, -290.83374971825583, -274.81493700494894, -282.2910414287452, -268.81598291871876, -273.1690341714576, -292.6745874837508, -232.60160781022455, -279.5342561723024]
best: -310.5847131289892