values: [-300.0476969638604, -288.4153334644614, -329.14147577539876, -306.3284765568971, -348.2036814944572, -302.4191214506852, -280.04905231063094, -291.0569903313971, -326.90881334774264, -324.88144503923934, -316.24684033131444, -254.96115335403528, -316.6329802452472, -321.5863656068974, -298.3795741460374, -270.5574474396445, -316.14380859894794, -337.37962343051345, -323.8649609212576, -306.3306905514856, -326.2521336004826, -343.6739974576493, -305.00060637429414, -343.1765283718747, -291.5780025291053, -320.6703136956546, -313.5460241803819, -297.6947961384093, -260.4203639167107, -270.666912071678]
best: -348.2036814944572