values: [-59.54012177797011, -55.07844496310534, -59.514014721103415, -57.39314818089002, -57.052338249180615, -57.5401014753636, -61.00179522392234, -52.309119119164, -59.54012171426175, -60.00177687228617, -59.77096017708694, -61.2326363433332, -62.23263235550806, -56.77096018538313, -57.77096018537624, -60.00179859272849, -59.770959869235035, -54.07838924571529, -63.23263698207076, -55.30928337055069, -58.5401217779209, -63.23263676352893, -54.61676814828988, -59.68825535737282, -50.84760655563451, -55.07844494779767, -58.28317665637101, -63.23263700019632, -60.77096017790063, -59.77096018504034]
best: -63.23263700019632