values: [-934.6607472888263, -991.2076234827772, -948.797466329108, -920.5240282401886, -849.8404329978798, -906.3873091918691, -920.5240282402747, -962.9341853815358, -892.2505901432919, -906.3873091868913, -962.9341853857577, -977.0709044343023, -948.7974663373296, -934.6607472882908, -934.660747288851, -948.7974663277745, -863.9771520455137, -934.6607472888254, -920.5240282403436, -991.2076234827007, -892.2505901432876, -892.2505901191909, -991.207623481055, -991.2076234822093, -920.5240183554017, -948.7974663373323, -892.2505901431773, -977.070904434311, -962.9341853849003, -962.9341853858232]
best: -991.2076234827772