values: [-934.6607472888221, -892.2505901418917, -962.9341853856712, -934.6607472888498, -991.2076234828039, -920.5240282136771, -934.6607409458165, -934.6607472888334, -991.2076234824718, -878.1138710948968, -906.3873091918379, -892.250590143205, -977.0709014873529, -906.3873091918687, -920.5240282403114, -1047.7544996767506, -863.9771520412379, -934.6607472554871, -977.0709044342274, -1005.3443425312737, -1005.3443425081834, -906.3873091903475, -977.0709044340772, -920.5240282390376, -892.2505901423868, -962.9341853858207, -906.38730918794, -906.3873091386105, -948.7974663373388, -920.5240282297846]
best: -1047.7544996767506