values: [1.3438209361630264e-07, 1.2903833384620822e-06, 4.0668363012754585e-05, 7.14413689412652e-10, 8.335521186075282e-10, 1.6766810556871833e-07, 0.0007590106939479475, 6.125508556920428e-09, 6.604190131087144e-08, 2.477786122847625e-10, 1.7085186270267107e-08, 7.478823841627775e-07, 5.033636922399744e-08, 0.00020695042851992556, 2.293825130245862e-09, 2.574709424129321, 0.4488199445188178, 3.41459384706422e-07, 3.3227648431693945e-05, 9.778950326330832e-08, 0.00028620424041792924, 7.525251057626964e-05, 1.2196094907462604e-06, 1.3202855862400154e-06, 4.507097682013158e-06, 0.00031170143790381147, 3.856063335811563e-06, 1.913891534527359e-05, 5.062282156913728e-07, 3.6662660610692004e-10]
best: 2.477786122847625e-10