values: [35328483851075.51, 23240.324020388092, 4463834.166304242, 3.605697230682233e+17, 4.879117703372761, 327223419940756.1, 2.311867909972018e+17, 9190245725.281025, 52533943.16259152, 494571.11943209387, 1.078384362593669e+16, 1.4868570762952198e+19, 481975859.3713249, 58303.36730603522, 488027376.8855791, 9632904546898.557, 9870.788764723331, 124.4863536189831, 362836959.69647616, 17377764943.04412, 161.5834397151725, 1.886490240306075e+19, 129573819.43750578, 1777924.0105099413, 7.945723032701448e+17, 20510517958.635677, 15605571.432726145, 31863544354.50223, 870.1631168723587, 1076163551328033.8]
best: 4.879117703372761