values: [0.016476823617683767, 19.999999670366744, 19.999990407952456, 5.601127175403064e-07, 5.292394651412735e-07, 1.4654943925052066e-14, 0.058804957095102584, 2.0994517235806143e-09, 3.4150460237469815e-13, 19.99972504668835, 4.3076653355456074e-14, 20.00001125874118, 2.5799275596553497, 7.549516567451064e-15, 19.999999300460566, 2.5799496112842744, 19.99998974814392, 2.651467557285795, 4.7091737361615316e-05, 2.5799275570298694, 19.999312170958767, 19.999997306066202, 3.223097344573489e-10, 19.961656170913624, 19.999997264866213, 1.3029988150226046e-05, 4.472899933150032e-05, 21.714068397117625, 20.000417854905173, 19.973120001489423]
best: 7.549516567451064e-15