values: [-5.999999968872818, -5.999999688529431, -5.995488159494342, -5.999998306627343, -5.99999955803411, -5.9999940173311685, -5.999999997211286, -5.9999647726128265, -5.999876960696241, -5.9999999999976374, 0.025621246583057002, -5.999118240961062, -5.996713034284329, -5.999937671667125, -5.999989909032605, -5.99999250967082, -5.998998391873018, -5.99999105981373, -5.999998946532733, -5.9997837195794945, -5.999998415852674, -5.999999972378683, -5.99856908378965, -5.996537520590445, -5.999999998274684, -5.999999982891149, -5.9999239843443215, -5.997235926118911, -5.999997143868772, -5.999999999417589]
best: -5.9999999999976374