values: [1.171618843609501e-09, 1.7122362657930291e-15, 3.001071623942434e-15, 0.0017089488948464088, 1.013174212522172e-08, 1.0329304616847212, 0.19918189650996787, 1.7537397765093193e-06, 0.00209098829567372, 9.862456045535649e-08, 0.0011053279757950348, 0.07079804955698536, 0.00011868159590440976, 0.1542286747779907, 4.2665870836344766e-13, 4.172330140139736e-05, 2.0713544601915548e-08, 0.017288609916309372, 0.008304943038885272, 1.4200813858167294e-09, 0.08738663038698864, 1.7197632428356258e-05, 5.496288126539314e-11, 1.331729865272635e-13, 0.016681146762492993, 0.0009674926610708375, 1.1410375762337572, 1.2212453270876722e-15, 1.076540883437455e-07, 4.526402081853065e-05]
best: 1.2212453270876722e-15