values: [0.007396040334115006, 0.0468350185878742, 0.007396040334115117, 0.029584161212070192, 0.027752652419009483, 0.019785533410814904, 0.007396040334115228, 0.6516094152946996, 0.027139682455481817, 1.71107592850106e-05, 0.3253764829509538, 0.33531013658975817, 2.001973554758006, 0.059178177055110304, 0.0, 0.0665957241123053, 0.26375931253400686, 0.001735705194106596, 0.007396047577356457, 1.1102230246251565e-16, 0.029584615662310854, 0.4929871923845319, 0.12571297354288824, 0.04709950351755987, 0.0005856973918982877, 0.09335540995076907, 0.12571297354288835, 0.019719489248251287, 0.05917817705510908, 0.5326035561852488]
best: 0.0