values: [1.1086176796793934, 0.6328154104498405, 0.00957464824684151, 0.40156159377110756, 0.0018278881317583817, 0.7745831964066658, 0.17604224069360336, 0.004268509449781299, 83.96267798620815, 0.7073882429679538, 1.595849595183053, 1.3089043628285262, 0.460114237543411, 0.10444814625178778, 0.6304005100710668, 0.530520505551048, 0.2539545686994031, 0.11561807437121774, 0.11464120610810363, 0.9121117782252013, 1.5191945681939356, 0.4735652005149662, 0.4162349053306519, 1.8142438951709914, 0.21563192746552573, 0.1867525491097483, 0.0510792014325267, 0.036361096330761344, 0.0006964342379416344, 0.6756015607681907]
best: 0.0006964342379416344