values: [3.2985006794534e+42, 1.3018336794690463e+46, 1.111806780084827e+79, 6.416127915642208e+87, 1.2126970405156938e+42, 1.7730568039528633e+85, 1.0158864821050124e+87, 1.1169613542633542e+45, 1.5127104075200585e+81, 4.5503952561117896e+78, 8.243497730334505e+72, 2.272273532840503e+85, 9.092942343517271e+84, 2.36067008881707e+82, 8.456545530374389e+85, 4.4979526752919425e+74, 5.496867368987014e+86, 4.925097583693624e+80, 1.5692337958270364e+85, 4.743765191586792e+81, 3.574691388637584e+89, 9.319285726779455e+87, 3.6555958444240416e+85, 8.395032604010746e+78, 2.2154521345885698e+83, 6.571285537969436e+78, 2.1440406758259365e+90, 1.090627605917263e+82, 6.455074774732057e+84, 2.3540474662734835e+82]
best: 1.2126970405156938e+42