values: [-2.7407767217254935, -5.162126159880075, -5.162126159965414, -2.7001509671529527, 7.546957155730076e-07, -1.4193165948222193, -9.111615852682572e-08, -1.45080221482428, -2.8214001579604697, -3.21743971137238, -2.957653917362905, -2.9522871527549683, -2.7631246574309207, -1.4301083890669342, -2.700489615036768, -2.700489645951442, -4.999935912425637, -5.162126159965414, -2.9522871527549697, -2.669627025472234, -4.904366272655758, -5.162126159965413, -2.6812242095048506, -2.7407767232357125, -2.8214001579604697, -5.162126159965413, -5.162126159964065, -5.138821828743931, -0.0, -0.0]
best: -5.162126159965414