values: [1.6009659165143268e-20, 2.9934093575260905e-28, 1.3350062131099004e-20, 2.6236264008510274e-18, 2.4256007211797493e-08, 4.92660726992605e-22, 1.6750975567297295e-07, 1.7027751356631703e-27, 4.624695873553963e-06, 1.4997597826618576e-32, 6.924389520322941e-12, 32.675901703792064, 0.0011773396115393072, 3.279626184712626e-11, 1.6509292830002549e-15, 1.4997597826618576e-32, 1.1450263520279711e-16, 5.049755311631652e-07, 9.032034476535366e-15, 1.9072740036474977e-05, 5.614336001375282e-07, 0.9737115955768498, 2.029355998039809e-08, 0.0009792922135337429, 4.819218933836539e-08, 197.54725403989232, 0.004213487642220921, 1.2924712068738885e-26, 5.47315351974681e-30, 1.4997597826618576e-32]
best: 1.4997597826618576e-32