values: [-1.9079550250292803, -0.6716678627438557, -1.9618502388640964, -1.8739931946487964, -1.9377568728321117, -1.91198489047849, -1.9601794809771929, -1.9033226678142192, -1.8865103923476791, -1.881761408394686, -1.8587772749313478, -1.7846783853024522, -1.8615188987211106, -1.7072874503581108, -1.7915193154554423, -1.6838055315276694, -1.7895806576536337, -1.5238546395560761, -1.9561733816159257, -1.8635749254830531, -1.757001354749864, -1.9344004679688978, -1.8832799024253353, -1.9511812030218478, -1.8617727676424345, -1.9507938344872344, -1.8431007002312887, -1.9600184818521353, -1.9516990191913108, -1.8802589319984722]
best: -1.9618502388640964