values: [0.21758534462050894, 0.16312688049017968, 0.21926164118390548, 0.602319973632746, 0.5649409194989969, 0.6293348617564086, 0.3597187218720228, 0.8085731726394875, 0.6169044272466512, 0.969242904521125, 0.12447803475113246, 0.4307278479395318, 0.05823559625673465, 0.8859010212424919, 0.4768321345963665, 0.93215372340315, 2.0237814178698827, 0.5904742173880866, 1.0161250539337277, 0.6091084489687245, 0.8468463911637639, 0.5727879103547144, 0.41282822230351246, 1.6085511555701695, 0.7482962683164041, 0.9462578982313046, 0.5380339635585044, 0.7806440101423069, 0.2439381456694002, 0.4202178040735454]
best: 0.05823559625673465