values: [3.979831190554087, 1.989918114210731, 3.9798311906442123, 3.979831190554087, 24.87372293454858, 4.97479024764738, 0.9949590570935101, 0.0004043975510370501, 7.959662381108185, 0.9949590570935491, 0.9949590570932934, 1.989918114187411, 1.9899181141865796, 0.9949590570932898, 0.9949590570932898, 0.9949590570932898, 1.0018155119092356, 3.979831211093252, 0.0, 3.552713678800501e-15, 3.9798311905566095, 4.97479024764738, 0.9950302492727587, 0.9949590570933147, 1.5880175837316663, 0.9949595813062473, 2.18152871770231, 2.719100921512098, 3.9936898362388256, 0.9949590570932898]
best: 0.0