values: [0.012551193270913513, 23.451632980084796, 0.10406750731726751, 0.041085390763556426, 0.15423509071705122, 0.0030951162310785185, 0.5025422409707477, 39.86810056271801, 0.6859714533695993, 44.74302409245584, 0.0012401505710237792, 1.7536268859632835, 24.300691235604116, 0.5164149405763429, 3.7750556035862055, 0.002906801058062956, 6.823498455213111e-07, 0.044143906526528706, 0.01237191449294264, 14.544118653900052, 2.911780132696929, 35.24880219851606, 0.23074400216537502, 51.195511583940664, 2.0274539469360655, 7.982092601219618, 0.6629313323533552, 7.777670456051807, 0.1887525451268772, 0.07288791396393397]
best: 6.823498455213111e-07