values: [0.09987334584681108, 0.2998733458468111, 0.29987334586494846, 6.102587161019619, 0.1998733458468111, 1.3998953587686183, 0.29987334689445716, 8.608290170796579e-07, 0.09987334592380344, 0.19987334584681105, 0.399873345846811, 0.1998742406194802, 0.29504028412166783, 0.09987334584681108, 0.09987334584681097, 0.09987334584681098, 0.199873345846811, 0.1152392813720436, 0.10901228771868252, 0.599873345846813, 0.4998733458468111, 0.19987334584681107, 0.10024726362734304, 0.08374219919758821, 0.09987334584681105, 0.09987334584681098, 0.099873345846811, 0.09987334584681097, 0.199873345846811, 0.09987334584681101]
best: 8.608290170796579e-07