values: [-4.310492929446239, -5.371074134895265, -7.655130326119023, -7.655939210411735, -7.655939210931193, -7.65593921093121, -7.655939210931191, -7.655939210851404, -5.077950006284786, -5.371079896621248, -7.641587649170502, -7.520987594216606, -7.6559392109312085, -7.655938953102817, -2.4999608016382897, -7.651265997731034, -5.371079898514876, -7.655939210927608, -7.599170264961858, -5.045045009312597, -5.077949144753635, -5.371079898514877, -5.186744989021673, -5.077950006284738, -5.0779500062656115, -7.655939210630857, -7.655873869105704, -7.655939210931199, -2.499960801638336, -7.65593921093102]
best: -7.65593921093121