values: [750.2478578312758, 724.3331699192738, 710.6958360968911, 710.6958420876649, 710.6958360969016, 750.2478578256821, 747.7393331559811, 719.9291354340567, 770.3855164231613, 716.4781054680171, 716.2744041965033, 710.6962815798743, 710.7040523647383, 729.1615779828373, 710.6958364083604, 710.6958360968911, 750.2478578253772, 710.695836096892, 710.6960966538501, 710.6958360968911, 710.6958361054811, 770.5964203308085, 751.1681060101089, 710.7287983092262, 710.6958361211114, 750.2478578253885, 779.618387285779, 750.2551937973283, 719.9287397715256, 751.6132114107913]
best: 710.6958360968911