values: [-16.458587024478877, -21.388717268936244, -21.388681674657064, -25.741770994499873, -6.749739506242505, -17.03566354242109, -21.079426100183838, -25.74177078122561, -15.599623074063683, -15.510529277477968, -25.738789758376857, -21.382261244926543, -16.458587024478796, -21.284354423534396, -21.38871726891932, -21.220004251259777, -25.741770995451407, -21.38871726893639, -25.08181344975939, -15.510529277478032, -25.488634814327753, -21.388319170667685, -15.510529277477922, -16.620874172985985, -15.5996367301203, -25.74177099545141, -25.741770995451255, -21.38871726893634, -16.62087417377606, -25.741770993133695]
best: -25.74177099545141