values: [-1.9695611921782439, -18.095565070008423, -18.095565070008394, -7.294585797704298, -18.095564567325646, -5.9089031550728945, -18.095565070008398, -18.095565070008348, -18.09551591635356, -18.095564931115945, -18.09519701539084, -18.095564639678496, -18.09556507000833, -18.095565070008405, -7.294585498718753, -14.014436828694661, -18.095382548074234, -3.24012291914232, -1.8181506759671535, -18.095565070008426, -18.095565070008462, -18.09556507000842, -5.90890315507305, -5.908902805679474, -18.09556507000843, -18.095565070008465, -7.294376840559973, -18.09556507000315, -4.019048052258117, -18.09556507000848]
best: -18.09556507000848