values: [-20.289174158072925, -29.67590005136097, -6.576358575586669, -18.961260859475725, -29.675900051421173, -17.857972128124732, -17.812725656132784, -17.812725656097243, -29.675846291955505, -29.675900051369563, -18.332282538220287, -20.289174066527117, -26.690316667604776, -29.675900051421184, -20.289174158072754, -20.28917415807287, -18.332282272673368, -29.67590005142118, -29.645493798938176, -29.419417082963257, -29.67590005142111, -29.16348017959843, -10.682652966349298, -29.67590003941715, -17.812725656126972, -17.812725655916246, -20.289174158071475, -29.675900051421106, -29.675899948360872, -20.288967549192343]
best: -29.675900051421184