values: [-4.461676814830939, -3.2308384074154834, -4.461676814830955, -4.461676814820667, -4.46167681483095, -4.461676814830947, -3.2308384074154777, -4.461676814830941, -4.461676814830952, -4.461676814830938, -3.2308384074147174, -3.2308384074154772, -3.1882199422607793, -4.46129854710329, -4.461676796720483, -3.2308384072021576, -4.461676814830938, -3.230838407415469, -4.461676814825148, -3.2299431400117053, -4.46167681483036, -4.461615608723356, -4.451737121063684, -4.46167681483096, -4.461676814830932, -4.461676814830931, -4.46167681483096, -4.461670861677611, -4.461676814830977, -4.461676814830478]
best: -4.461676814830977