values: [-78.33233140754282, -50.05889331056739, -64.19560562438107, -78.33233140666033, -78.33233140754282, -59.602614631997184, -78.33233044486752, -50.05889264493685, -64.19561235896956, -64.17810597785115, -78.33233070924834, -64.19561235905536, -78.32853716759027, -78.3309644477871, -78.33233140754109, -64.19561235875338, -64.19561235905535, -78.33231644451581, -78.3173078303004, -64.19376036044848, -64.19561235422275, -64.19561229077004, -50.058893310567896, -50.05889331056786, -78.33233140754254, -50.4955464972299, -63.147605997084355, -78.33233140754282, -78.33233140754277, -78.33233140754285]
best: -78.33233140754285