values: [-64.18190530923115, -78.33233140754282, 978.7480920720758, -49.973256145591506, -64.19493981363578, -64.19109032416604, -64.19561235905536, -64.19561235905536, -50.058893310567896, -69.8272819218305, -78.33233140752874, -64.19561235905536, -78.3323314075428, -64.19561235905536, -64.19561235905536, -64.19561224186681, -64.19560158328152, -57.051999077689885, -50.251290678026415, -64.19561235905529, -64.02458921321539, -78.32737609482565, -78.3323314075428, -78.33233140754282, -78.33103673791294, -63.90004893296267, -78.33227988460399, -50.058893310566845, -78.33233140754282, -64.12681017751297]
best: -78.33233140754282