values: [-8.634050427430829, -13.535218746164523, -7.768877590123879, -13.207437806493825, -13.84927493304689, -13.683547004225835, -13.978065652639664, -13.003174738106518, -12.670832024705362, -14.243442287608447, -13.748025475720516, -7.935092626743738, -13.00314023552686, -10.853847297704192, -10.179994506119801, -13.683546136115648, -10.777601492085024, -9.311814802336862, -13.00321221083161, -10.660066232260611, -9.311814802030327, -10.884331986747952, -13.761823357301823, -13.428495759633119, -14.211963527191012, -7.641890766526772, -12.06688520488432, -8.294150382245737, -10.093660897108917, -13.634995696164053]
best: -14.243442287608447