values: [48.91117032878686, 0.11810798457891178, 0.33688492048068347, 3.0228237649042275e-08, 1.5508391380637878, 0.016876147145739567, 1.082463706565961e-07, 2.9508744719961677, 0.7680937217600189, 0.12247861657874548, 6.174027921843023, 21.861929612463598, 0.002117201602170913, 0.005699393992101535, 5.41016722261644e-07, 0.0020909618060973635, 1.7775908313342212, 0.21772057432037964, 0.038210400532434, 0.0016399068006992083, 0.10538573029808512, 3.376967288065837, 29.618165338530687, 0.0616606203766365, 52.06604103974554, 52.91672928385196, 882.9254144478297, 4.951314194699553, 0.17186269881999774, 0.44136273420618477]
best: 3.0228237649042275e-08