values: [0.4306403278534073, 9.559928023527293, 0.3296899620464634, 0.3956870205678861, 0.32968996119499705, 0.3296936680833778, 0.3296899611950106, 0.32974295165328005, 0.8671520169318515, 1.6023052361382826e-19, 5.56836536939938, 0.32968996119499716, 0.7791210978725704, 0.3296899653835309, 0.0010587262126483445, 0.3296900490245291, 1.0161988641193802, 0.4122271689358932, 5.2141019174790026e-08, 0.32969113039856, 0.0007935716151423674, 0.3318562718728149, 0.3296899611949971, 0.32968996119499716, 6.82601440435445e-13, 0.329702321685105, 2.764260804678285e-09, 5.463403187100816, 109.5003574445135, 0.3266081891646464]
best: 1.6023052361382826e-19