values: [-1.7976492622209374e+308, -1.797665231016689e+308]
best: -1.797665231016689e+308