values: [-1.797459435590965e+308, -1.7976481031355648e+308]
best: -1.7976481031355648e+308