values: [-1.7976161504057575e+308, -1.7975864661222592e+308]
best: -1.7976161504057575e+308