values: [-1.797673467026509e+308, -1.7975361823102536e+308]
best: -1.797673467026509e+308