values: [-1.7976273141849815e+308, -1.7976234738840553e+308]
best: -1.7976273141849815e+308