values: [-1.7976647484280901e+308, -1.797651742646259e+308]
best: -1.7976647484280901e+308