values: [-1.7975683789296528e+308, -1.797659784215752e+308]
best: -1.797659784215752e+308