values: [-1.7976300016805035e+308, -1.797691939578688e+308]
best: -1.797691939578688e+308