values: [-1.7976830346358521e+308, -1.7976417924144086e+308]
best: -1.7976830346358521e+308