values: [-1.7976124542012167e+308, -1.7976585549848156e+308]
best: -1.7976585549848156e+308