values: [-1.797591710395836e+308, -1.7976665521663481e+308]
best: -1.7976665521663481e+308