values: [-1.7976669533030265e+308, -1.797653783538512e+308]
best: -1.7976669533030265e+308