values: [-1.7976022379317233e+308, -1.7976658873553605e+308]
best: -1.7976658873553605e+308