values: [-1.7976455697296314e+308, -1.7976789207828361e+308]
best: -1.7976789207828361e+308