values: [-1.7976591165681676e+308, -1.7976729008452938e+308]
best: -1.7976729008452938e+308