values: [-1.79763525023383e+308, -1.7976062623252542e+308]
best: -1.79763525023383e+308