values: [-1.7976635917632033e+308, -1.797648717102596e+308]
best: -1.7976635917632033e+308