values: [-1.7976251976022876e+308, -1.7976648671710772e+308]
best: -1.7976648671710772e+308