values: [-1.797626978884856e+308, -1.7976246442407032e+308]
best: -1.797626978884856e+308