values: [-1.7976562986781682e+308, -1.7976660718445735e+308]
best: -1.7976660718445735e+308