values: [-1.79757405196672e+308, -1.7976588184427039e+308]
best: -1.7976588184427039e+308