values: [-1.797583879393745e+308, -1.7976423175627711e+308]
best: -1.7976423175627711e+308