values: [-1.7976404884036212e+308, -1.7976035499763615e+308]
best: -1.7976404884036212e+308