values: [-1.797594924021352e+308, -1.7976435222447123e+308]
best: -1.7976435222447123e+308