values: [-1.7976395276401373e+308, -1.7975789781642682e+308]
best: -1.7976395276401373e+308