values: [-2.131513856898673e+118, -6.182500458039563e+119]
best: -6.182500458039563e+119