values: [-3.871832162708607e+126, -5.238093100258293e+123]
best: -3.871832162708607e+126