values: [-1.9912353526061973e+128, -3.0933122200056744e+116]
best: -1.9912353526061973e+128