values: [-8.687929211680356e+133, -1.3127904330378592e+122]
best: -8.687929211680356e+133