values: [-2.3058676201175134e+129, -1.924029039287487e+131]
best: -1.924029039287487e+131