values: [-7.962579008513917e+125, -1.671021653523039e+116]
best: -7.962579008513917e+125