values: [-1.5302064194391216e+118, -7.077139561314805e+136]
best: -7.077139561314805e+136