values: [-2.8497802479766123e+130, -1.1658859316074062e+128]
best: -2.8497802479766123e+130