values: [-1.1887258383166949e+132, -5.696718567311321e+128]
best: -1.1887258383166949e+132