values: [-1.5536573630677356e+129, -2.5179330186123566e+128]
best: -1.5536573630677356e+129