values: [-1.6481571457124713e+132, -5.158168723308634e+124]
best: -1.6481571457124713e+132