values: [-1.1062421988490298e+126, -7.387569088478755e+131]
best: -7.387569088478755e+131