values: [-4.327879900414327e+127, -4.894118688988501e+127]
best: -4.894118688988501e+127