values: [-9.644587233954586e+123, -4.976434325111951e+126]
best: -4.976434325111951e+126