values: [-1.7142456292274576e+137, -1.642568242526694e+117]
best: -1.7142456292274576e+137