values: [-7.088456217277781e+124, -6.714541963090231e+123]
best: -7.088456217277781e+124