values: [-1.0473749523329332e+120, -2.217672863197215e+127]
best: -2.217672863197215e+127