values: [-6.583670481760738e+124, -3.099379102360567e+121]
best: -6.583670481760738e+124