values: [-6.7408521181967485e+128, -5.6674898369546936e+116]
best: -6.7408521181967485e+128