values: [-3.240052908233285e+123, -4.127973703371851e+122]
best: -3.240052908233285e+123