values: [-4.8630766269284306e+117, -2.137152160311676e+137]
best: -2.137152160311676e+137