values: [-4.392040764050302e+129, -1.6481721514820595e+137]
best: -1.6481721514820595e+137