values: [-1.5946001891502384e+124, -1.9753485810576642e+126]
best: -1.9753485810576642e+126