values: [-4.8860630202033305e+128, -9.021364033141605e+127]
best: -4.8860630202033305e+128