values: [-1.8399105325701266e+122, -4.925030112266275e+127]
best: -4.925030112266275e+127