values: [-1.7976909455500456e+308, -1.7976869695830519e+308]
best: -1.7976909455500456e+308