values: [-1.7976924476836134e+308, -1.797691988435896e+308]
best: -1.7976924476836134e+308