values: [-1.7976846878059092e+308, -1.797690534697711e+308]
best: -1.797690534697711e+308