values: [-1.797691266241308e+308, -1.7976912604880798e+308]
best: -1.797691266241308e+308