values: [-1.7976893224352572e+308, -1.7976861151869759e+308]
best: -1.7976893224352572e+308