values: [-1.7976850550341448e+308, -1.7976918095705455e+308]
best: -1.7976918095705455e+308