values: [-1.7976924363739063e+308, -1.7976917884479791e+308]
best: -1.7976924363739063e+308