values: [-1.7976926992843807e+308, -1.797686469242988e+308]
best: -1.7976926992843807e+308