values: [-1.79769163272505e+308, -1.7976901466124008e+308]
best: -1.79769163272505e+308