values: [-1.7976867333972474e+308, -1.797687201996292e+308]
best: -1.797687201996292e+308