values: [-1.7976914641630866e+308, -1.7976809885688088e+308]
best: -1.7976914641630866e+308