values: [-1.7976904050562158e+308, -1.7976899212736438e+308]
best: -1.7976904050562158e+308