values: [-1.797690852738856e+308, -1.7976928857455188e+308]
best: -1.7976928857455188e+308