values: [-1.7976889904184477e+308, -1.7976928528055598e+308]
best: -1.7976928528055598e+308