values: [-1.7976904159588869e+308, -1.79769068386811e+308]
best: -1.79769068386811e+308