values: [-1.7976894355084535e+308, -1.7976869088752369e+308]
best: -1.7976894355084535e+308