values: [-1.797692254840244e+308, -1.7976899028046505e+308]
best: -1.797692254840244e+308