values: [-1.797690828499437e+308, -1.7976879389209837e+308]
best: -1.797690828499437e+308