values: [-1.7976919792248917e+308, -1.7976901502152488e+308]
best: -1.7976919792248917e+308