values: [-1.7976899983722817e+308, -1.7976855270998842e+308]
best: -1.7976899983722817e+308