values: [-1.7976884063495724e+308, -1.7976877972681084e+308]
best: -1.7976884063495724e+308