values: [-1.7976909052812087e+308, -1.7976873971931528e+308]
best: -1.7976909052812087e+308