values: [-1.7976878408020287e+308, -1.7976912432734855e+308]
best: -1.7976912432734855e+308