values: [-1.797689209907124e+308, -1.7976872630614093e+308]
best: -1.797689209907124e+308