values: [-1.7976894779390946e+308, -1.7976903693914891e+308]
best: -1.7976903693914891e+308