values: [-1.7976787997085454e+308, -1.7976916021272221e+308]
best: -1.7976916021272221e+308