values: [-1.7976851218438743e+308, -1.7976904298803053e+308]
best: -1.7976904298803053e+308