values: [-1.7976833617839947e+308, -1.79769226274208e+308]
best: -1.79769226274208e+308