values: [0.0003786007319424023, 0.009125687865360721, 0.0002543258059231057, 0.0011671933107177956, 0.0001412053102680666, 0.005922058731382851, 0.0003409802346401314, 0.0016949530551397807, 8.985426762508908e-05, 0.0001358219014915285, 0.00020338157206056806, 0.0018591428032128654, 0.0015484945922605853, 0.0004914059608833732, 0.00032436187228457314, 0.000255854630769381, 0.00255941753537714, 0.0008783121474889022, 0.0002802622205959615, 0.0002813155211218721, 0.0003523285343871585, 0.012326193635413762, 0.0006510483025832237, 0.0009864687907570335, 1.8365800159347856e-05, 0.001410775493674965, 0.0002761876217118875, 20.00025181687641, 19.999979391003727, 0.00038527290363221667]
best: 1.8365800159347856e-05