values: [-5.962895413845343, -5.979961545735707, -5.999970383944884, -5.9999718958920525, -5.99529320993147, -5.986152017145298, -5.996345114830611, -5.9994737680895085, -5.999996778319302, -5.999976409655171, -5.994746909747632, -5.999983435726805, -5.993302429572924, -5.999998931489005, -5.996591688612458, -5.993013784157565, -5.991369071389252, -5.997335674408274, -5.9963081192228325, -5.999902427783624, -5.990088719342439, -5.9975238118967, -5.992915947851213, -5.995707813420515, -5.999437423618304, -5.993349196829999, -5.999999496884271, -5.998677495149699, -5.999990480625183, -5.999999171908779]
best: -5.999999496884271