values: [0.00014202798672086392, 0.0001182183306493445, 0.0014975833019511115, 0.00028393241158869605, 0.0002075174912376538, 0.0005020886662821987, 2.2890557304389766e-05, 0.00017290196747200625, 0.005553983002655245, 0.00023381107500789668, 8.084890306521314e-05, 0.0028030153540627807, 0.003036156886997425, 1.0009938703543775e-05, 0.0025954763086313637, 5.9858057646901774e-05, 3.445628676123853e-05, 0.00021170219162536702, 0.0012472226605783595, 0.014818962593841412, 3.0661728276664476e-05, 1.782827355289544e-05, 0.1687338199838346, 6.849718524944872e-05, 0.0010403206824982913, 1.727715205331569e-05, 0.0014344271908357659, 9.847352213931959e-05, 0.001485272224078904, 7.856874508685231e-06]
best: 7.856874508685231e-06