values: [0.007418854755363524, 0.0074057549119296295, 0.019720425322840907, 0.029584690530546465, 0.023162896463811533, 0.0007045327825978553, 0.00018625304927277764, 0.041968605859904806, 0.009872596817372958, 0.01289442095295501, 9.840068196598217e-06, 0.007449493399041662, 0.00986834784368007, 0.007461501955826955, 0.007400574642910662, 0.007882485870132072, 0.029584162519493695, 0.0295881317923683, 1.6432449861714105e-05, 0.04683739446147772, 0.029587513483903427, 0.10850629643969556, 0.009942550982246279, 0.019719498635066834, 0.0008658654042056346, 0.00989939397556261, 0.007402152677674634, 0.0850743002894837, 0.007449389116079397, 0.019720473246645054]
best: 9.840068196598217e-06