values: [0.09268500788885153, 0.057933158833523735, 0.15999805444278903, 0.06909947071686062, 0.042011229552278984, 0.11672247002176467, 0.11128507598108617, 0.08021536279192398, 0.15423239155214608, 0.10609275643717275, 0.11710590916677932, 0.1395884486768179, 0.10491585483162424, 0.2334487297643335, 0.09488994959379216, 0.12519579867160607, 0.1594508800208223, 0.04279798298272841, 0.09435593970195943, 0.11990497239854347, 0.1931821756846236, 0.10850935781936077, 0.11646228618692556, 0.07407206149006884, 0.11777366138106593, 0.16610279375744857, 0.08967042587444857, 0.17396745833666943, 0.15252428235116794, 0.04986468496957225]
best: 0.042011229552278984