values: [6.472028772620252e+85, 2.7430098813334166e+81, 3.283371690678626e+73, 1.003112129298496e+75, 4.3804298678972507e+80, 1.1534486302942141e+87, 5.540733147198148e+84, 8.791624491215017e+72, 1.2556629856628415e+72, 3.2248223338425666e+85, 7.872332434412263e+73, 4.119891533673201e+76, 2.2265957924870423e+88, 6.944663560400967e+62, 1.1660353839370597e+65, 6.401796508821937e+87, 1.842004668851263e+69, 2.1121926495726847e+85, 2.918776083965655e+87, 8.809808090216175e+87, 5.069237555000667e+86, 1.5662256273991824e+87, 2.138161270200488e+88, 1.6284988421241516e+86, 3.2073761880112017e+69, 9.559006669348911e+70, 2.9736146422870226e+85, 5.243392846853228e+66, 8.248385117013951e+84, 4.6571443497409276e+82]
best: 6.944663560400967e+62