values: [-5.162120494724604, -5.162125887932062, -5.162124697461717, -5.162122753601158, -5.162126050098523, -5.162125643053193, -5.162124561563047, -5.162121470307358, -5.161969341397787, -5.162082910006965, -5.1621261138944, -5.162126151447926, -5.162116933163895, -5.162107860010602, -5.1621252144237255, -5.162126159747284, -5.162121887456631, -5.162124922242693, -5.160972655726438, -5.162087935495639, -5.162126098959104, -5.1621215391146675, -5.162123341519446, -5.162124885180815, -5.1621261544298465, -5.162114147139015, -5.162126152363736, -5.16210590770782, -5.162124700760098, -5.162125905605165]
best: -5.162126159747284