values: [7.481998842941387e-09, 6.463062383300795e-11, 2.0086207529227185e-09, 4.582198303040401e-08, 5.64224970203151e-09, 8.036469431460513e-10, 7.388756292906584e-08, 5.261989878384405e-09, 1.831948948336026e-08, 1.087094719918692e-08, 7.983356507738049e-11, 8.197002128598214e-09, 4.055225476890548e-09, 1.9061606782182926e-08, 1.4557142557388654e-09, 6.104603795265323e-10, 1.215294509488647e-07, 4.432746670585861e-09, 1.527728610415574e-09, 1.698390580910628e-11, 6.598076656763666e-07, 1.0669237789644983e-08, 1.940162474685507e-09, 2.2702274226074154e-08, 1.2739768686513706e-09, 7.12393255909538e-10, 5.5741906608342325e-09, 2.620707843369787e-10, 2.006516750357294e-09, 3.1750928186903406e-08]
best: 1.698390580910628e-11