values: [-1.9680689468343944, -1.8825058936372672, -1.9489695456651477, -1.9208877643767472, -1.8137035323777084, -1.8764785762106353, -1.8426016048467218, -1.8047632001149925, -1.960349281904613, -1.8573859020040264, -1.9092672546394067, -1.8510458002757932, -1.9804647617815105, -1.9378997435494294, -1.881759783902356, -1.9220004200401233, -1.9524740314477411, -1.957113398077217, -1.9211318398305082, -1.886454899896448, -1.9741164859057267, -1.9006566517567434, -1.8748806381397602, -1.8999952620174216, -1.920690327782639, -1.946591749714572, -1.870816908544505, -1.8924945810718372, -1.827766276739677, -1.9376037454015913]
best: -1.9804647617815105