values: [0.004233317402759076, 0.0009656734138746119, 0.009904174279716115, 0.0003784881627140396, 0.0032450807430090024, 0.003588415931296964, 0.01986644087869863, 0.002483048955792799, 0.004369730243817588, 0.0024779985287366737, 0.00837820064738104, 0.011251639631201548, 0.0017098309064973016, 0.009706402190595317, 0.015553186481200349, 0.0002730606866200543, 0.002993142035932508, 0.0007857412302938699, 0.00945873965028259, 0.0037606653453253415, 0.005166451495491066, 0.0018991789014562361, 0.0036371555158741286, 0.002493492724480923, 0.0032283099615468516, 0.010634583739177491, 0.004748139626196159, 0.012107645136311369, 0.015889986467942513, 0.008379284711285725]
best: 0.0002730606866200543