values: [9.015952844748654e-05, 8.447528287547357e-06, 2.6399465724580296e-07, 0.0032613212708483275, 4.383782009398374e-05, 9.882300986419068e-07, 0.15389870193129696, 0.9949942177679745, 1.1518176940228386e-05, 0.3139077734505946, 0.00026910956921000206, 5.986930194268325e-06, 0.07914445000195514, 0.9949614179904707, 0.0006040574865480153, 0.0004995768752706908, 0.004201942024387506, 0.14400936363756855, 1.3260597590658563e-05, 0.10188313432883689, 0.00041061698065902874, 3.487737994589679e-05, 0.7096072454772155, 0.008806482966029705, 4.468051955086594e-07, 0.995456857858624, 0.9949625022578417, 0.00022411353852547222, 2.8128219753398298e-08, 9.85131620723223e-08]
best: 2.8128219753398298e-08