values: [0.13943169738674235, 0.08030154379887207, 5.3679814171852716, 18.469921194564986, 0.07010110992441344, 0.010347342161635052, 0.2188980187951677, 41.43515397472616, 1.373721273100375e-06, 9.758378437020097e-05, 12.16877627849902, 2.2404227356440746e-05, 54.331824628314685, 0.1464082679546783, 0.023959612127214435, 0.007592433798006969, 0.1171568530910801, 0.08363729702133313, 0.056663200398957676, 0.0005063754846753675, 18.458567665257007, 0.11714800670796807, 0.41183781766242306, 6.598892348503222, 0.15404574697138085, 2.165525497975936, 28.7301954104913, 0.07369083788019813, 106.31367487616984, 0.00571295254428959]
best: 1.373721273100375e-06