values: [0.09987335068096755, 0.0998733458471515, 0.09987348335083882, 0.09987445210095569, 0.00034187510332827297, 0.09987381734356401, 0.09987341949549561, 0.09987334585273504, 0.00012920437847998754, 0.0004816509354298659, 0.09987387901857515, 0.09987458996692089, 0.0003865042721778006, 0.0012778297986327514, 0.09987334584867441, 0.09987352785886, 0.000466087153352845, 0.09987336644894768, 0.09987343642817073, 5.7847236663759055e-05, 0.09987376680594645, 0.005571711371238469, 0.00011140234514393467, 0.09987334587480323, 3.8921178621092075e-05, 0.007534490685261715, 0.0011369329707083136, 0.03226284447808659, 0.000363053274213394, 0.02015256567622622]
best: 3.8921178621092075e-05