values: [-7.57227291110275, -7.653783062041544, -7.638112136411095, -6.902833673104806, -7.634923357043158, -7.4393778460277105, -7.430166370473543, -7.655934195145465, -7.603294939565427, -7.655938391459532, -7.6540186376650645, -7.526336300842743, -7.018949528964244, -7.655658044835327, -7.634405275694969, -7.620443724786677, -7.655936595556101, -7.65593728506985, -7.458824919543049, -7.271335000172641, -7.344872346424115, -7.6555860415520005, -7.651390594071601, -7.655896460391979, -7.22288376476396, -7.655586959577291, -7.653334954337662, -7.572147412286245, -7.352024001701702, -7.645829035462077]
best: -7.655938391459532