values: [217.92608997215552, 482.13173954453714, 653.1248115897678, -4606.5158960990075, -8926.051046766797, 710.6958360968941, -41311.63091954785, 710.6958360989717, 710.6958360994445, -5043.339491761748, -114147.32264723987, -1143544.1946387435, -18965.36924427197, 710.695836099868, 651.7694451000231, 710.6958360973479, 220.363928820095, -367506.1255185163, -23751.464476059708, 710.6958360987991, 474.0158137026059, -40927.31448248682, 750.2478578262044, -5147671.379101045, -974.3854602771939, 750.2478578283275, -88048.6596752553, -128990.07009619895, -94.80791879887977, 710.6958361086998]
best: -5147671.379101045