values: [-25.741594483995257, -25.727370896224627, -25.720649781279896, -25.434312932840093, -25.472572358917983, -25.53019809018271, -25.4587525552215, -25.70673931537926, -24.00258834932546, -25.125948328024567, -25.685776045953386, -25.74148496840832, -25.41261349811162, -25.651428478146897, -25.741669440732757, -25.327081478636007, -24.827481608063877, -24.457390001082047, -23.30717458348269, -24.875387540992847, -25.741624132431042, -25.74176561966795, -24.767655543378865, -21.232732468954644, -25.740641335045645, -21.33756390725658, -25.450715501761692, -25.710293456268364, -21.38423744412573, -25.741238993370636]
best: -25.74176561966795