values: [-17.845558332313217, -18.041449074353135, -18.09512702581626, -18.095519539159106, -18.090716615899108, -18.054651221073573, -15.244270509148748, -18.069615709755336, -18.077092497057738, -17.758773311870772, -17.246587634699875, -17.904603174643444, -17.873490104175996, -18.056293158906932, -17.60666240272671, -18.07602930791751, -17.963958426180547, -18.095544717457038, -17.956233434816273, -17.569178712653958, -17.9745098127513, -17.42657340633621, -18.09545762628554, -17.714251628994408, -18.065429244216325, -18.040370873330186, -17.391620584924954, -18.023488665442123, -18.09530574386132, -17.728487730246144]
best: -18.095544717457038