values: [-29.408402745603848, -29.67589994132899, -29.671557455803267, -29.67358944455056, -29.590212500866993, -29.25925375326114, -29.426931040183234, -29.675897918678782, -29.17676158200672, -29.384201133642577, -29.65362454411658, -29.67442731024583, -29.675879921002682, -29.675760462939557, -29.654382832157516, -29.6756303175135, -28.766588132988424, -24.721764577247747, -29.669143171208763, -29.562446672801542, -29.543824194872318, -29.53763436917284, -29.468342741998, -29.675401159360767, -29.491758687988373, -29.67547100351827, -29.374301147445706, -29.665740659189744, -29.675899010955586, -29.675440395319725]
best: -29.67589994132899