values: [-4.461676761650639, -4.458236509033284, -4.427638121949819, -4.455656951643764, -4.455909728413232, -4.461665926108715, -4.461403524467782, -4.402821162415542, -4.459879996620149, -4.4410139966738535, -4.460131074149155, -4.4501037504183145, -4.438174876927215, -4.458158124069414, -4.438610951099291, -4.4616672114322, -4.460340405244292, -4.355419842277308, -4.4591053968155325, -4.4579792949652655, -4.461420854995447, -4.444386616874086, -4.460512311382961, -4.457985407053305, -4.4611103121288584, -4.459778136858752, -4.455381356498894, -4.418479846422787, -4.461670851616221, -4.461594027458814]
best: -4.461676761650639