values: [-78.33233137466001, -78.33233082279216, -78.33232921563275, -78.332331405209, -78.33233118465449, -78.33229232651539, -78.33233080123244, -78.33230241621862, -78.33233078324497, -78.3323298520825, -78.33233140729543, -78.33232832242767, -78.3323307417172, -78.33232466733875, -78.33231758987412, -78.33233056007631, -78.33233123001165, -78.33233140193522, -78.3323313961423, -78.33233131516928, -78.3323312452805, -78.33233097165626, -78.33225950695291, -78.3323313536164, -78.332331392463, -78.33233140607805, -78.33232639496907, -78.33233078787363, -78.33233026303253, -78.33233113283623]
best: -78.33233140729543