values: [0.0003353735642437229, 0.004308743820918462, 0.00031704330012992426, 0.3297129791770275, 0.002380287458150916, 0.0012021417714910211, 0.00020161058777510085, 0.0002171243670166527, 6.535918148898635e-05, 0.007115967220426265, 0.013842812420143487, 0.0002479375975241074, 0.00025194098087297814, 0.00036490032767038305, 0.00026805070354114086, 0.0013729265515014587, 0.00011148117089348328, 0.0009859307997093475, 0.006852135313793639, 0.02781396946843859, 0.0036700213456803193, 0.00030177201833418276, 0.001703286459323723, 0.000713185867487204, 0.0002533441478798513, 0.0014610213275400242, 0.003835950194723072, 0.017484043012742718, 0.15235102044867052, 10.847471993823524]
best: 6.535918148898635e-05