values: [0.00022125744184303434, 0.0010451204639872, 6.683835807413894e-05, 7.753744612707732e-06, 0.09753074536565225, 0.0005057271173008703, 2.9510145960815924e-05, 0.0006836183163549508, 6.862065062514849e-05, 0.0015026381588856702, 0.0002502141718446685, 0.0814470077478813, 8.294937835773515e-05, 0.0015980156675013267, 9.843879086766938e-05, 0.0006471765136992425, 0.004273955096673117, 5.288673372439659e-06, 8.58138590204565e-05, 0.00015450973341584454, 0.00032787541213960986, 0.0008853660983952103, 0.000494457089979526, 0.0002572910429853739, 4.883825430447915e-05, 7.446577500378424e-05, 0.0036022313293290835, 0.000413459404535087, 0.001637823274824324, 0.07932905086509828]
best: 5.288673372439659e-06