values: [-14.481772190058834, -14.756685561821648, -14.366831189354098, -14.348333088209229, -14.756701301633273, -14.211960497166098, -13.879877733013041, -14.503789113987413, -13.683545314966048, -14.465443993928004, -14.48177056252957, -13.683546946149285, -14.756700018351305, -14.06989163529949, -14.748978856217473, -14.753701468398758, -13.279195931195261, -13.907325675615503, -14.21196340413549, -14.481772582273818, -14.481758284412034, -14.47544929933853, -14.211883394957491, -14.756701126372219, -14.481760394817341, -14.348332960426763, -13.977912526137766, -14.481613205617773, -14.24343574689143, -13.97807113920191]
best: -14.756701301633273